29.8640 40.7480 17.00 1.1283
26.1390 40.4180 5.00 0.6999
28.1897 40.8342 12.70 0.5368
27.2220 40.3240 10.00 0.5091
30.0450 40.7090 13.00 0.4578
26.1060 40.4710 5.00 0.4578
28.1502 40.9035 8.00 0.4117
26.0240 40.4450 17.10 0.4117
30.2660 40.7440 22.00 0.4117
26.1680 40.4930 5.00 0.3703
28.2270 40.8570 15.60 0.3330
26.1280 40.4210 17.00 0.3330
26.0250 40.3610 33.00 0.3330
26.3330 40.4230 15.30 0.3330
25.9760 40.3970 3.00 0.3330
29.3460 40.7390 10.00 0.3158
29.1380 40.6180 10.00 0.3158
29.9490 40.7110 10.00 0.3158
29.3770 40.1270 13.90 0.2994
27.7520 40.8020 16.40 0.2994
28.8480 40.4371 10.10 0.2994
28.4829 40.8888 10.00 0.2840
29.1070 40.4240 9.30 0.2840
29.1440 40.7180 13.10 0.2840
29.9700 40.7410 10.00 0.2840
27.9515 40.7641 10.00 0.2840
28.1090 40.8010 10.00 0.2840
30.1130 40.7150 10.00 0.2693
28.2394 40.9289 10.00 0.2693
27.9210 40.8480 14.90 0.2693
28.1454 40.8578 10.00 0.2693
25.9820 40.4170 21.40 0.2693
28.2741 40.8489 10.00 0.2693
26.1442 40.4235 13.10 0.2693
27.5890 40.6440 10.00 0.2554
29.3520 40.0610 10.00 0.2554
28.0590 40.2360 10.00 0.2554
28.9580 40.1790 10.00 0.2554
26.1590 40.3940 33.00 0.2554
26.2660 40.2844 9.70 0.2554
28.8780 40.8160 10.00 0.2554
30.6480 40.5610 10.00 0.2554
30.0160 40.7440 10.00 0.2554
28.3400 40.1860 19.10 0.2554
25.9520 40.3760 13.90 0.2554
29.1630 40.7520 11.10 0.2422
25.9830 40.5110 10.00 0.2422
27.6720 40.8560 23.60 0.2422
26.0180 40.4140 2.00 0.2297
30.3470 40.8450 10.00 0.2297
27.5720 40.7180 10.00 0.2297
28.7160 40.1240 10.00 0.2297
26.1418 40.3892 9.00 0.2297
29.0870 40.7700 10.00 0.2297
25.9920 40.4190 5.00 0.2297
29.1170 40.6480 10.00 0.2297
30.2440 40.8030 7.00 0.2297
28.3210 40.3910 11.10 0.2297
30.4350 40.6530 10.00 0.2297
30.0180 40.7000 10.00 0.2297
30.3520 40.7040 8.80 0.2297
27.9282 40.2083 12.10 0.2297
27.7850 40.7980 11.20 0.2297
30.6510 40.6740 10.00 0.2297
29.9540 40.2470 5.00 0.2178
29.9540 40.7080 10.00 0.2178
28.9280 40.2110 14.80 0.2178
29.2740 40.5800 10.00 0.2178
28.2332 40.8471 10.00 0.2178
28.1699 40.8490 10.00 0.2178
27.8920 40.8280 11.30 0.2178
29.0170 40.6230 21.00 0.2178
29.2970 40.6070 10.00 0.2178
28.0200 40.2420 10.00 0.2178
29.2000 40.6080 10.00 0.2178
27.7740 40.8220 23.30 0.2178
29.9420 40.7110 10.00 0.2178
27.4820 40.4930 10.00 0.2178
27.3670 40.5970 8.60 0.2178
29.2400 40.1240 10.00 0.2178
28.4987 40.8412 10.00 0.2178
30.4660 40.5850 10.00 0.2178
27.7070 40.8560 10.00 0.2178
29.2280 39.9100 10.00 0.2178
28.8520 40.4350 10.00 0.2178
27.9198 40.8510 9.60 0.2178
29.3770 40.1360 10.00 0.2178
27.4820 40.4700 10.00 0.2178
27.7020 41.0360 27.80 0.2178
25.9900 40.4800 14.50 0.2178
25.9517 40.4013 2.10 0.2178
27.2630 40.1900 13.70 0.2065
29.3220 40.6960 11.00 0.2065
28.0878 40.8777 10.00 0.2065
27.8580 40.0390 15.20 0.2065
29.1460 40.2627 11.50 0.2065
26.2970 40.2480 11.60 0.2065
27.4427 40.3423 14.10 0.2065
27.6950 40.8460 16.00 0.2065
29.2313 40.7105 10.00 0.2065
27.8450 39.9520 9.00 0.2065
26.9950 40.3140 11.30 0.2065
27.0740 40.1480 8.80 0.2065
28.1100 40.8470 11.20 0.2065
26.2658 40.4308 14.90 0.2065
30.6426 40.7066 10.00 0.2065
28.7644 40.8751 9.30 0.2065
28.1814 40.8568 10.00 0.2065
30.2510 39.8470 25.80 0.2065
28.6157 40.0699 10.00 0.2065
27.4040 40.7690 10.00 0.2065
26.0895 40.4103 6.80 0.2065
30.6460 40.6540 10.00 0.2065
27.7650 40.8200 12.70 0.2065
27.3670 40.3220 6.70 0.1959
30.3955 39.8848 5.50 0.1959
25.9644 40.3229 9.30 0.1959
27.9827 39.8377 10.00 0.1959
29.2670 40.1140 9.40 0.1959
26.8817 40.0364 10.00 0.1959
30.1210 41.1830 8.90 0.1959
26.1400 40.4220 13.30 0.1959
27.3635 40.6937 10.00 0.1959
27.4459 39.9697 15.00 0.1959
28.9250 40.4300 12.10 0.1959
26.8830 39.8030 33.00 0.1959
27.8564 40.5104 11.80 0.1959
30.1188 40.4047 7.60 0.1959
30.5270 40.6360 10.00 0.1959
30.1540 40.7110 10.00 0.1959
28.4298 40.8537 10.00 0.1959
26.0760 40.4500 20.00 0.1959
28.1964 40.8151 10.00 0.1959
28.4360 40.4250 17.20 0.1959
29.0110 40.6210 11.20 0.1959
28.9761 40.6063 10.00 0.1959
28.3191 40.7814 10.00 0.1959
29.2125 40.7283 10.00 0.1959
26.0350 40.9280 7.80 0.1959
26.8600 40.0810 37.00 0.1959
27.9860 40.4290 10.00 0.1959
27.3440 40.7700 7.40 0.1959
28.8740 40.6880 10.00 0.1959
27.3855 40.1461 26.60 0.1959
29.0587 40.7300 12.40 0.1857
26.9768 40.2968 12.00 0.1857
26.1940 40.4320 14.50 0.1857
28.1420 40.7990 23.70 0.1857
29.0610 40.7000 10.00 0.1857
26.1945 40.4440 10.00 0.1857
30.3000 40.7550 10.00 0.1857
29.1940 40.6940 10.00 0.1857
30.5880 40.7590 6.10 0.1857
26.2194 40.4326 10.00 0.1857
29.1965 40.4645 10.00 0.1857
29.1800 40.7118 7.40 0.1857
28.9040 40.4290 23.00 0.1857
29.8070 40.3070 33.00 0.1857
28.9725 40.5313 11.00 0.1857
26.3320 40.4870 29.50 0.1857
30.1600 40.6590 10.00 0.1857
29.1300 40.5550 10.00 0.1857
28.9550 40.5950 10.00 0.1857
29.5370 40.0870 10.00 0.1857
28.9770 40.3950 10.70 0.1857
29.2180 40.8370 8.80 0.1857
29.2480 40.0930 7.00 0.1857
29.1100 40.7090 10.00 0.1857
26.3020 40.2527 11.30 0.1857
28.5870 40.0650 5.00 0.1857
26.2090 40.4050 12.80 0.1857
26.0610 40.3300 10.00 0.1857
27.0261 40.3524 10.00 0.1857
27.7040 39.9950 13.20 0.1857
27.5000 39.9950 15.40 0.1761
29.1213 40.4095 5.70 0.1761
26.0340 40.3340 20.00 0.1761
26.1320 39.7925 9.00 0.1761
29.7630 40.7100 11.80 0.1761
28.2850 40.8890 9.60 0.1761
29.2570 39.8690 8.30 0.1761
29.9470 40.7220 10.00 0.1761
26.1000 40.3670 5.00 0.1761
27.7030 40.6080 16.00 0.1761
30.4480 40.7840 10.00 0.1761
29.6440 40.3430 33.00 0.1761
27.0809 40.3750 10.00 0.1761
27.8500 40.8590 10.00 0.1761
27.2180 40.3410 10.00 0.1761
27.1920 40.2850 10.00 0.1761
26.1357 40.4247 1.30 0.1761
30.5270 40.0530 5.00 0.1761
29.3450 40.7130 10.00 0.1761
28.8180 40.0360 10.00 0.1761
27.9410 40.2470 15.50 0.1761
30.3240 40.6560 7.40 0.1761
26.1120 40.4520 33.00 0.1761
27.5314 40.4965 11.80 0.1761
25.9950 40.3520 10.00 0.1761
29.2147 40.7032 6.80 0.1761
27.1829 40.1102 6.70 0.1761
25.9810 40.3470 10.20 0.1761
25.9353 40.4092 11.70 0.1761
29.2250 40.4080 28.40 0.1761
29.2510 40.4200 21.60 0.1761
28.9940 40.7510 31.50 0.1761
30.4080 40.7390 10.00 0.1761
30.3890 40.7270 10.00 0.1761
27.2980 40.7000 12.70 0.1761
30.0790 40.7630 10.00 0.1761
26.9280 40.2130 7.80 0.1761
28.6703 39.7950 8.00 0.1761
27.3300 40.2510 10.00 0.1761
29.0170 40.6500 8.50 0.1761
30.2030 40.7390 10.00 0.1761
30.5590 40.6760 10.00 0.1761
27.4480 40.3690 6.00 0.1761
30.2610 40.9020 10.00 0.1761
27.1850 40.0670 10.00 0.1761
29.9940 40.7200 10.00 0.1761
29.0910 39.9210 16.90 0.1761
29.1620 40.6150 10.00 0.1761
29.2630 40.4890 11.40 0.1761
29.8010 40.7110 10.00 0.1761
27.2640 40.1840 12.10 0.1761
26.4520 40.3510 33.00 0.1670
28.3900 40.5860 6.40 0.1670
25.9700 40.4000 33.00 0.1670
30.1970 40.5680 10.00 0.1670
29.9850 40.5420 10.00 0.1670
26.0920 40.8250 6.30 0.1670
30.6170 40.6440 10.00 0.1670
26.2560 39.7905 5.30 0.1670
27.0100 40.5690 18.60 0.1670
28.0910 40.0640 10.00 0.1670
27.9420 40.5920 10.00 0.1670
27.9030 40.8540 25.90 0.1670
29.1837 40.3824 10.00 0.1670
28.9850 40.9600 10.00 0.1670
30.0320 40.7410 17.30 0.1670
29.3190 40.2030 4.70 0.1670
27.4930 40.7730 10.00 0.1670
30.5470 40.6960 10.00 0.1670
26.1130 40.4080 33.00 0.1670
27.7500 40.1000 25.00 0.1670
27.9590 40.8310 10.00 0.1670
29.9750 40.3950 19.90 0.1670
26.9110 39.7950 10.00 0.1670
28.2722 40.8719 10.00 0.1670
25.9990 40.4200 10.00 0.1670
26.1425 40.3795 9.20 0.1670
29.3630 40.0790 8.00 0.1670
25.9970 40.4390 25.00 0.1670
27.9645 39.8749 10.00 0.1670
27.9520 40.4050 11.70 0.1670
29.9640 40.7360 10.00 0.1670
29.2290 40.0970 8.80 0.1670
28.8450 40.4130 14.00 0.1670
27.6140 40.7060 10.00 0.1670
29.7080 40.6940 10.00 0.1670
25.9700 40.4100 29.00 0.1670
30.6030 40.5110 8.00 0.1670
28.5560 40.6870 19.10 0.1670
29.0200 40.7810 12.50 0.1670
27.1790 40.2940 12.60 0.1670
27.7160 41.0030 10.00 0.1670
29.2073 40.6243 10.00 0.1670
26.2392 40.2592 14.00 0.1670
28.8950 40.4390 5.10 0.1670
30.1940 39.9320 19.30 0.1670
30.0620 40.7200 11.60 0.1670
27.3350 40.7230 10.00 0.1670
29.0860 40.5970 10.00 0.1670
30.5320 40.5630 10.00 0.1670
27.8000 40.5000 10.00 0.1670
26.2250 40.4580 24.70 0.1670
27.9123 40.8478 7.40 0.1670
26.4110 40.5070 26.90 0.1670
29.0570 40.4070 10.00 0.1670
27.9800 40.3880 13.90 0.1670
27.3940 40.6990 33.00 0.1584
28.1200 40.5660 12.80 0.1584
29.1790 40.5640 10.00 0.1584
28.1230 40.8190 9.70 0.1584
26.0170 40.3620 5.00 0.1584
29.0210 40.4590 5.00 0.1584
28.8770 40.1920 4.90 0.1584
29.8780 40.6750 12.60 0.1584
30.5460 40.6950 7.80 0.1584
29.3060 40.0860 10.00 0.1584
26.9300 39.8900 17.00 0.1584
29.0480 40.6670 0.10 0.1584
26.1320 40.5620 6.00 0.1584
26.0920 40.3700 33.00 0.1584
30.0820 40.7540 10.00 0.1584
29.1590 40.5990 10.00 0.1584
28.6050 39.9000 10.00 0.1584
30.4170 40.7270 11.90 0.1584
27.3760 40.6330 21.50 0.1584
29.9650 40.6420 10.00 0.1584
29.2860 40.1370 10.00 0.1584
26.0170 40.8350 2.00 0.1584
28.9360 40.2090 10.00 0.1584
30.6020 40.8770 10.00 0.1584
30.6470 40.6780 10.00 0.1584
26.0740 40.3440 20.00 0.1584
29.1640 40.5660 10.00 0.1584
27.6270 40.0700 10.80 0.1584
29.0040 40.4080 10.30 0.1584
28.8780 39.9760 10.00 0.1584
27.2700 40.7400 10.00 0.1584
29.0820 40.2730 10.00 0.1584
29.3280 41.2520 17.80 0.1584
30.0550 40.0330 10.00 0.1584
27.4320 40.1510 10.00 0.1584
26.0290 40.3890 5.00 0.1584
29.3690 40.4120 10.00 0.1584
29.8960 40.6860 22.40 0.1584
25.9860 40.8300 1.00 0.1584
29.6080 40.1390 10.00 0.1584
27.4830 40.7140 10.00 0.1584
27.6850 40.8020 10.00 0.1584
29.5670 40.2440 10.00 0.1584
26.0100 40.4100 30.00 0.1584
26.1100 40.8800 5.00 0.1584
27.5970 40.7000 10.00 0.1584
29.3010 40.1260 6.90 0.1584
30.2410 40.9450 10.00 0.1584
29.0190 40.4930 10.00 0.1584
26.0260 40.3790 17.00 0.1584
27.4470 40.7210 6.00 0.1584
25.9950 40.3650 5.00 0.1584
28.4820 40.9570 10.00 0.1584
27.5720 40.7440 9.30 0.1584
26.9270 40.6380 0.00 0.1584
27.4300 40.7440 10.00 0.1584
26.0590 40.3770 6.90 0.1502
26.9130 40.1740 9.00 0.1502
29.2780 39.8800 10.00 0.1502
30.2270 40.7450 10.00 0.1502
27.3300 40.5910 7.60 0.1502
26.2650 40.4160 33.00 0.1502
29.2870 40.7210 19.40 0.1502
25.9970 40.8770 4.00 0.1502
27.4420 40.7080 10.00 0.1502
27.3750 40.6830 10.00 0.1502
27.4840 40.6630 17.40 0.1502
26.0910 40.9230 5.50 0.1502
26.2180 40.7920 2.10 0.1502
28.0170 40.4510 14.30 0.1502
29.0970 40.9160 10.00 0.1502
25.9560 40.2740 10.00 0.1502
27.3030 40.2880 11.60 0.1502
27.1370 40.5260 10.00 0.1502
30.3250 40.4380 10.00 0.1502
26.4770 40.3850 10.00 0.1502
30.2990 40.4410 33.00 0.1502
28.3086 40.7746 10.00 0.1502
30.3490 40.6900 10.70 0.1502
26.0080 40.4380 10.00 0.1502
27.9410 40.8400 10.00 0.1502
29.3000 39.8600 10.00 0.1502
30.4710 40.8520 10.00 0.1502
29.5280 40.1770 11.80 0.1502
29.1520 40.6520 10.00 0.1502
29.0120 40.1510 10.00 0.1502
26.3650 40.4700 7.90 0.1502
26.1420 40.8320 10.00 0.1502
29.2930 40.6580 10.00 0.1502
30.4250 40.6870 10.00 0.1502
30.2970 40.8040 10.00 0.1502
27.0960 40.5140 7.60 0.1502
27.7480 40.7980 9.40 0.1502
30.5170 40.6810 10.00 0.1502
27.5610 40.7830 25.30 0.1502
28.3270 40.5530 10.00 0.1502
26.3410 40.3510 10.00 0.1502
29.0810 40.6630 9.10 0.1425
29.9240 40.7170 10.00 0.1425
26.1300 39.7900 15.00 0.1425
27.4530 40.2860 10.00 0.1425
27.5370 39.9190 6.60 0.1425
26.0560 40.8310 8.20 0.1425
28.6480 40.1230 10.00 0.1425
28.3570 40.4257 10.00 0.1425
27.4170 40.7250 8.00 0.1425
26.0740 40.8860 5.50 0.1425
30.5080 39.7960 10.00 0.1425
26.2870 40.4250 7.10 0.1425
30.4160 40.6640 10.00 0.1425
26.8100 40.5400 10.00 0.1425
30.1270 40.4480 10.00 0.1425
27.7990 40.3930 5.00 0.1425
27.7870 40.2020 9.10 0.1425
25.9700 40.3730 37.00 0.1425
26.1910 40.3970 20.00 0.1425
27.2500 40.1480 10.00 0.1425
28.0010 40.2880 8.40 0.1425
26.2070 40.3910 14.00 0.1425
27.4130 40.3750 15.80 0.1425
27.4100 40.7710 10.80 0.1425
29.1350 40.4380 8.00 0.1425
26.9200 40.2800 7.00 0.1425
25.9400 40.3800 5.00 0.1425
26.2130 40.2750 6.00 0.1425
26.1990 40.4020 33.00 0.1425
28.9960 40.4230 14.60 0.1425
28.0130 40.7760 11.60 0.1425
27.7080 40.8180 10.00 0.1425
28.0050 40.3720 5.90 0.1425
29.2970 40.1330 10.00 0.1425
26.1310 40.8610 10.00 0.1425
28.1700 39.9800 9.80 0.1425
27.3690 40.7280 10.40 0.1425
30.3450 40.9800 10.00 0.1425
27.5910 40.7070 7.90 0.1425
26.9150 40.1480 5.00 0.1425
27.2800 40.6000 35.00 0.1425
28.2152 40.8256 10.00 0.1425
27.6600 40.1600 10.00 0.1351
27.0940 40.3930 6.50 0.1351
28.7710 40.7950 7.50 0.1351
28.8090 40.3610 10.00 0.1351
25.9760 40.3970 6.90 0.1351
27.0060 40.1680 57.00 0.1351
30.1300 40.7190 10.00 0.1351
27.1790 40.5250 9.90 0.1351
29.2710 40.1360 9.20 0.1351
27.0770 40.3170 10.40 0.1351
27.5150 40.7940 7.00 0.1351
28.0400 41.0300 45.00 0.1351
29.7970 40.6280 7.00 0.1351
27.3430 40.7290 8.00 0.1351
27.1140 40.4750 8.60 0.1351
26.0500 40.4140 20.00 0.1351
29.8010 40.7310 10.00 0.1351
26.0940 40.5960 10.00 0.1351
27.4030 40.6910 5.00 0.1351
27.4660 40.7990 10.00 0.1351
27.3410 40.1920 9.00 0.1351
27.4840 40.7460 10.00 0.1351
26.1800 40.4400 31.00 0.1351
29.5540 40.6400 10.00 0.1351
30.5970 40.6820 10.00 0.1351
26.3750 40.4690 10.00 0.1351
26.1680 40.4390 10.00 0.1351
26.0660 40.5940 10.00 0.1351
27.2540 40.0950 9.00 0.1351
27.4460 40.8080 9.30 0.1351
28.7210 40.4660 2.80 0.1351
28.1740 40.7910 15.00 0.1351
27.0770 40.3560 33.00 0.1351
25.9610 40.3480 20.00 0.1351
26.8050 39.8900 25.40 0.1351
27.3160 40.2890 17.80 0.1351
26.0700 40.8900 5.00 0.1351
29.2240 40.7390 10.00 0.1351
26.0610 40.9050 5.30 0.1351
26.3500 40.7100 3.70 0.1351
25.9990 40.4350 27.80 0.1351
26.9780 40.5040 20.00 0.1351
26.0500 40.4300 29.00 0.1351
26.1190 40.8140 10.00 0.1351
28.6160 40.7450 12.30 0.1351
26.1080 40.8150 3.00 0.1351
27.7540 40.8080 20.00 0.1351
26.3460 40.4430 33.00 0.1351
28.0360 40.4170 10.00 0.1351
29.1930 40.6480 7.80 0.1351
27.1560 40.4740 10.00 0.1351
27.7170 40.6080 20.90 0.1351
27.7300 40.3100 47.00 0.1351
25.9980 40.3960 10.00 0.1351
27.9920 40.2940 11.00 0.1351
26.8200 40.5400 10.00 0.1351
27.3500 40.6900 46.00 0.1351
26.1400 40.8800 6.00 0.1351
29.1940 40.2510 5.00 0.1351
25.9400 40.4000 27.00 0.1351
26.4700 40.5100 16.00 0.1351
26.2080 40.4930 10.00 0.1351
29.0780 40.7730 10.00 0.1351
26.2000 40.8220 10.00 0.1351
29.1740 40.7480 9.40 0.1351
30.4040 40.7350 0.30 0.1351
25.9600 40.4100 27.00 0.1351
27.9860 40.2420 9.20 0.1351
25.9600 40.4120 19.00 0.1351
29.6480 40.7600 9.60 0.1351
29.9610 41.2670 10.00 0.1351
27.8370 40.7480 10.00 0.1351
30.4960 40.6940 7.00 0.1351
26.1700 40.4000 33.00 0.1351
30.6410 40.0170 10.00 0.1351
26.7540 39.8920 10.00 0.1351
27.7890 40.7770 10.00 0.1281
26.4050 40.4790 12.50 0.1281
26.1970 40.3760 10.70 0.1281
26.1730 40.8270 10.00 0.1281
27.4800 40.7320 10.00 0.1281
26.0840 40.4150 9.50 0.1281
25.9920 40.4260 10.00 0.1281
29.1270 40.3080 7.00 0.1281
30.0260 40.7160 10.00 0.1281
30.4860 40.7070 10.00 0.1281
26.7710 39.9560 10.40 0.1281
28.3150 40.8510 10.00 0.1281
28.8760 40.3950 10.00 0.1281
30.3030 40.6810 10.00 0.1281
25.9450 40.4340 10.00 0.1281
27.5310 40.7400 10.00 0.1281
29.8710 40.8180 10.00 0.1281
29.2020 40.4440 10.00 0.1281
28.1870 40.8050 10.00 0.1281
29.9580 40.7200 10.00 0.1281
29.9470 40.6650 10.00 0.1281
28.9640 40.3680 10.00 0.1281
28.0600 40.4000 5.00 0.1281
27.9310 40.4460 10.00 0.1281
29.1424 40.9881 9.80 0.1281
28.0220 40.2840 4.80 0.1281
27.4720 40.7250 10.00 0.1281
27.2580 40.6240 4.90 0.1281
28.9570 40.1300 5.00 0.1281
27.1240 40.5010 11.40 0.1281
27.4490 39.8480 10.00 0.1281
27.9830 40.7650 10.00 0.1281
26.0790 40.5890 10.00 0.1281
26.1030 40.5210 10.00 0.1281
29.2660 40.7500 8.50 0.1281
27.5530 40.3330 10.00 0.1281
30.5450 40.5100 10.00 0.1281
26.9520 40.2090 5.00 0.1281
27.4830 40.7590 10.00 0.1281
27.8300 40.4200 9.00 0.1281
28.6330 40.7680 10.00 0.1281
30.5030 39.8000 10.00 0.1281
28.3120 40.0520 10.00 0.1281
29.8880 40.7200 10.00 0.1281
25.9770 40.3480 9.50 0.1281
27.4490 40.3990 6.20 0.1281
26.0000 40.4300 24.00 0.1281
26.0550 40.8310 10.00 0.1281
27.5790 40.6350 10.00 0.1281
26.8600 39.7900 10.00 0.1281
27.4240 40.3750 8.70 0.1281
29.2800 40.1570 10.00 0.1281
25.9940 40.4010 14.00 0.1281
27.2220 40.1760 10.00 0.1281
29.9240 40.6470 10.00 0.1281
26.1400 40.4500 34.00 0.1281
30.2130 40.4840 7.00 0.1281
26.5760 39.8030 3.50 0.1281
26.9150 40.1570 6.60 0.1281
26.9000 40.5500 10.00 0.1281
27.0700 40.4900 45.00 0.1281
26.0240 40.3780 10.00 0.1281
29.8420 40.7490 8.00 0.1215
26.1380 40.8440 3.00 0.1215
29.9750 40.1680 5.00 0.1215
26.2600 40.4200 27.00 0.1215
28.7761 40.1781 10.00 0.1215
27.6290 40.4150 14.00 0.1215
26.1030 40.3700 11.00 0.1215
26.2020 40.3240 22.10 0.1215
28.5470 40.4370 10.00 0.1215
26.9500 40.6200 10.00 0.1215
25.9890 40.3640 0.10 0.1215
25.9500 40.4100 3.00 0.1215
27.5490 40.6950 1.20 0.1215
27.1110 40.3710 6.30 0.1215
25.9580 40.3980 10.00 0.1215
26.6100 40.5700 10.00 0.1215
27.5190 40.8080 10.00 0.1215
26.1000 40.8900 5.00 0.1215
29.9800 39.8200 10.00 0.1215
30.1100 40.4810 10.00 0.1215
29.1860 40.7530 9.00 0.1215
30.2260 40.8100 5.00 0.1215
26.0030 40.9100 4.00 0.1215
27.5320 40.8130 10.00 0.1215
26.2000 40.3630 10.00 0.1215
27.3840 40.6960 10.00 0.1215
28.1000 40.8220 10.00 0.1215
26.0960 40.3810 7.90 0.1215
28.9780 40.7230 10.00 0.1215
30.6480 39.8920 10.00 0.1215
29.5580 40.2100 10.00 0.1215
26.9900 40.1700 28.00 0.1215
26.3740 39.8820 5.00 0.1215
26.0090 40.3740 10.00 0.1215
27.1500 40.4900 10.00 0.1215
26.0230 40.4320 9.00 0.1215
27.4290 40.6040 4.70 0.1215
29.9770 40.6680 5.00 0.1215
26.0490 40.4780 20.00 0.1215
25.9700 40.3900 5.00 0.1215
26.2200 40.4500 19.00 0.1215
30.5030 40.6760 5.30 0.1215
27.3370 40.6820 10.00 0.1215
28.0180 40.4170 10.00 0.1215
30.3500 40.7320 10.00 0.1215
26.3060 40.0700 10.00 0.1215
30.1250 40.6880 10.00 0.1215
27.3800 40.3790 5.00 0.1215
27.5530 40.6610 10.00 0.1215
29.2900 40.4910 10.00 0.1215
26.0940 41.0980 5.00 0.1215
26.8100 40.6000 45.00 0.1215
27.4100 40.6920 9.20 0.1215
30.6550 40.0460 10.00 0.1215
26.1800 40.3600 5.00 0.1215
27.4460 40.1970 13.00 0.1215
26.0900 40.4100 26.00 0.1215
25.9600 40.3860 18.00 0.1215
25.9970 40.5720 5.00 0.1215
29.7790 40.2710 10.00 0.1215
27.5040 40.2240 10.00 0.1215
29.1950 40.7710 8.70 0.1215
26.1130 40.3830 5.00 0.1215
29.2940 40.2570 10.00 0.1215
27.7660 40.8150 10.00 0.1215
26.9140 39.7910 9.00 0.1215
30.0760 40.6720 10.00 0.1215
29.9330 40.6990 5.00 0.1215
29.9160 40.6730 10.00 0.1215
28.6370 39.7980 10.00 0.1215
27.0520 40.6760 10.00 0.1215
28.6350 39.8420 33.00 0.1215
27.5240 40.6240 11.30 0.1215
29.1420 40.2870 10.00 0.1215
29.3870 39.9660 10.00 0.1215
27.6510 40.8380 10.00 0.1215
26.0930 40.5900 10.00 0.1215
26.4150 40.3970 10.00 0.1215
29.1850 40.6300 17.30 0.1215
29.9650 40.7120 11.00 0.1215
29.3150 39.9270 5.00 0.1215
28.0390 40.4190 10.00 0.1215
30.6060 40.7460 10.00 0.1215
29.9600 40.6760 10.00 0.1215
25.9940 41.1500 10.00 0.1215
26.0870 40.5860 10.00 0.1215
27.5240 40.3360 10.00 0.1152
29.1020 40.6550 12.00 0.1152
25.9970 40.2740 10.00 0.1152
25.9400 40.4100 37.00 0.1152
25.9900 40.3570 0.10 0.1152
30.5610 40.7000 9.10 0.1152
27.8900 40.3200 45.00 0.1152
27.6970 40.8000 15.00 0.1152
26.4520 40.5220 10.00 0.1152
27.3680 40.7290 6.60 0.1152
26.1100 39.8500 14.00 0.1152
27.4320 40.7280 10.00 0.1152
26.1160 40.8270 10.00 0.1152
27.1190 40.7570 10.00 0.1152
26.0600 40.4900 10.00 0.1152
30.3210 40.6860 12.50 0.1152
27.9170 40.0620 13.30 0.1152
26.0730 40.8950 5.20 0.1152
25.9700 40.9100 22.00 0.1152
26.0610 40.9050 5.30 0.1152
28.3770 40.8690 10.00 0.1152
26.1720 40.4480 10.00 0.1152
28.6230 40.7630 10.00 0.1152
29.9860 40.7500 22.20 0.1152
30.2060 39.8590 10.00 0.1152
26.8440 39.8280 5.00 0.1152
29.2330 40.6420 5.60 0.1152
27.3250 40.2760 10.00 0.1152
29.7250 40.7100 10.00 0.1152
27.5120 40.8170 6.50 0.1152
28.1060 40.1510 10.00 0.1152
30.2660 40.7310 15.00 0.1152
27.5490 40.7820 10.00 0.1152
25.9860 40.2950 10.00 0.1152
30.4340 40.7090 10.00 0.1152
27.1310 40.3840 10.00 0.1152
25.9500 40.4200 29.00 0.1152
26.1530 40.3070 13.00 0.1152
27.6230 40.7720 18.60 0.1152
28.9080 40.7840 5.00 0.1152
29.3110 40.1370 10.00 0.1152
27.3530 40.0540 10.00 0.1152
26.0410 40.4090 10.00 0.1152
30.3630 39.7910 10.00 0.1152
26.2450 40.7130 33.00 0.1152
30.2600 40.7320 10.00 0.1152
29.2920 39.8050 7.00 0.1152
30.2290 40.8240 8.60 0.1152
29.8110 40.7410 7.80 0.1152
28.3083 40.8178 15.10 0.1152
29.8420 40.6880 7.00 0.1152
27.7420 40.8010 9.00 0.1152
29.1190 40.7660 10.00 0.1152
30.1480 40.5300 10.00 0.1152
26.0870 40.4520 5.00 0.1152
27.4160 40.7000 10.00 0.1152
28.0270 40.2500 6.50 0.1152
25.9380 40.4310 9.00 0.1152
27.3660 39.9790 14.60 0.1152
27.9470 40.7450 10.00 0.1152
29.7330 40.7490 5.50 0.1152
27.4750 40.7070 10.00 0.1152
27.4550 40.7750 10.00 0.1152
27.4720 40.4180 12.10 0.1152
27.4980 40.3730 14.00 0.1152
27.7650 40.0360 10.00 0.1152
28.6010 40.4030 10.00 0.1152
27.5880 40.5390 10.00 0.1152
26.1900 40.4500 5.00 0.1152
29.1227 40.4567 3.20 0.1152
29.9300 40.7120 10.00 0.1152
27.1900 40.6300 10.00 0.1152
29.3220 40.2340 5.00 0.1152
27.7490 40.8230 10.00 0.1152
25.9530 40.3800 5.00 0.1152
29.5220 41.1250 10.00 0.1152
30.1910 40.8100 9.80 0.1152
27.9400 40.8460 10.00 0.1152
27.7510 40.7840 10.00 0.1152
26.1900 40.4100 9.00 0.1152
29.0650 40.4700 10.00 0.1152
26.0800 40.3900 29.00 0.1152
30.1240 40.7160 5.00 0.1152
29.1740 40.6380 5.40 0.1152
29.1530 40.7080 5.50 0.1152
29.2860 40.2320 5.00 0.1152
27.4200 39.9490 5.50 0.1152
27.6640 40.8730 33.00 0.1152
27.6660 39.9830 10.00 0.1152
26.5170 39.7950 7.00 0.1152
28.2400 40.5170 10.00 0.1152
28.7400 40.0070 10.00 0.1152
28.7790 39.8300 10.00 0.1152
29.2960 40.2470 10.00 0.1152
30.0840 40.7760 11.00 0.1152
29.4970 40.1540 10.00 0.1152
26.0430 40.3860 10.00 0.1152
26.0780 40.4770 10.00 0.1152
29.0130 40.2120 10.00 0.1152
29.7890 40.7200 10.00 0.1152
30.5920 40.9680 10.00 0.1152
30.0060 40.7150 5.00 0.1152
27.6840 39.9920 6.90 0.1152
26.0800 40.3460 10.00 0.1152
27.7660 40.8330 10.00 0.1152
28.3050 40.1720 10.00 0.1152
29.9280 40.7070 10.00 0.1152
27.3700 40.5500 10.00 0.1152
28.4340 40.8480 10.00 0.1152
28.2600 40.8450 9.00 0.1093
26.1300 40.3900 28.00 0.1093
29.2310 39.8630 10.00 0.1093
27.3780 40.8240 5.00 0.1093
26.5680 40.6850 10.00 0.1093
28.9010 39.9680 5.00 0.1093
26.2010 40.4540 10.00 0.1093
26.1200 40.4200 3.00 0.1093
28.7880 40.6130 10.00 0.1093
27.5900 39.8700 8.00 0.1093
25.9950 40.3870 10.00 0.1093
26.2600 40.4400 42.00 0.1093
30.0540 40.7140 10.00 0.1093
26.1000 40.3800 35.00 0.1093
29.8690 40.7330 13.00 0.1093
29.8670 40.7060 10.00 0.1093
26.1300 40.4400 35.00 0.1093
30.5500 40.6260 5.00 0.1093
28.1150 40.8000 5.00 0.1093
28.7690 40.8450 9.30 0.1093
29.9940 40.6710 5.00 0.1093
27.8150 39.7880 14.00 0.1093
30.3860 40.0820 19.40 0.1093
29.9370 40.7120 10.00 0.1093
26.1350 40.4470 5.00 0.1093
30.0920 40.7300 13.90 0.1093
27.9080 40.4400 10.00 0.1093
29.8990 40.6510 10.00 0.1093
26.0100 40.2430 10.00 0.1093
30.0330 40.6630 10.00 0.1093
26.3270 40.2990 7.00 0.1093
28.9620 40.5970 9.00 0.1093
27.4840 40.6570 10.00 0.1093
28.5490 40.8070 5.40 0.1093
26.1200 40.3530 9.00 0.1093
29.2750 40.1610 10.00 0.1093
27.6260 40.7070 12.00 0.1093
26.2150 40.8970 6.00 0.1093
27.3180 40.2800 10.00 0.1093
26.3940 40.5040 10.00 0.1093
28.0280 40.7930 16.40 0.1093
27.3710 40.0650 10.00 0.1093
30.6180 40.7520 12.60 0.1093
30.2920 40.7100 5.30 0.1093
27.2180 40.4320 7.00 0.1093
25.9890 40.8410 4.00 0.1093
30.2320 40.7460 9.00 0.1093
30.5210 40.6750 10.00 0.1093
28.3410 40.3950 10.00 0.1093
25.9960 40.3030 8.00 0.1093
25.9700 40.3800 35.00 0.1093
27.5580 40.2700 10.00 0.1093
29.1080 40.6200 10.00 0.1093
27.0100 40.1740 10.00 0.1093
27.8080 39.9090 10.00 0.1093
26.1390 40.3500 10.00 0.1093
28.9450 40.3630 9.50 0.1093
27.5820 40.1060 10.00 0.1093
29.1310 40.7090 7.60 0.1093
29.1270 40.6580 13.20 0.1093
29.0490 40.7700 5.00 0.1093
27.7470 39.7930 14.00 0.1093
27.5900 40.7150 5.90 0.1093
30.0280 40.7650 10.00 0.1093
25.9740 40.4080 10.00 0.1093
30.3880 39.7860 5.00 0.1093
30.5020 40.6490 3.80 0.1093
25.9720 40.5860 10.00 0.1093
26.6580 39.9610 15.00 0.1093
30.5560 40.7040 10.00 0.1093
26.0030 40.5420 10.00 0.1093
29.0970 40.7770 10.00 0.1093
30.5770 40.0470 10.00 0.1093
27.9280 40.8340 10.00 0.1093
27.5020 40.6250 9.00 0.1093
28.2600 40.0980 5.00 0.1093
27.6710 40.5930 10.00 0.1093
27.5530 40.5960 13.20 0.1093
29.2050 40.7680 10.00 0.1093
26.4250 40.4800 10.00 0.1093
30.0390 40.6920 10.00 0.1093
26.4800 39.8200 3.00 0.1093
29.4780 39.8590 9.50 0.1093
30.0890 40.8290 10.00 0.1093
29.1510 40.1330 10.00 0.1093
26.1920 40.3600 10.00 0.1093
28.3100 40.7580 10.00 0.1093
26.1460 40.7110 5.00 0.1093
27.5020 40.7320 10.00 0.1093
26.3850 40.5100 10.00 0.1093
27.7770 40.4040 10.00 0.1093
26.0070 40.4490 28.90 0.1093
27.1680 40.0150 27.80 0.1093
26.1120 40.4200 10.00 0.1093
27.6570 40.7200 10.00 0.1093
27.2800 40.6000 10.00 0.1093
29.6540 40.7270 10.00 0.1093
29.0410 40.7770 10.80 0.1093
30.1880 40.6300 10.00 0.1093
27.3440 40.2890 10.00 0.1093
29.1260 40.6300 10.40 0.1093
29.1190 40.6230 6.00 0.1093
29.3160 40.3000 10.00 0.1093
26.0900 40.4300 5.00 0.1093
29.1140 40.6400 8.30 0.1093
26.0760 41.0480 10.00 0.1093
28.9710 40.6010 10.00 0.1093
30.1110 39.9520 10.00 0.1093
27.0760 40.1970 12.30 0.1093
27.6400 40.2760 10.00 0.1093
27.9000 40.9990 10.00 0.1093
26.0300 40.4100 15.00 0.1093
27.8010 40.8040 10.00 0.1093
30.0570 40.6990 10.00 0.1093
26.3970 39.8170 10.00 0.1093
29.9950 40.7330 10.00 0.1093
27.5260 40.6980 10.00 0.1093
26.1650 39.9010 10.00 0.1093
25.9800 40.4600 5.00 0.1093
25.9750 40.6430 17.00 0.1093
27.5970 40.8210 10.00 0.1093
29.2040 40.6870 10.00 0.1093
29.3120 40.1030 10.00 0.1036
27.3160 40.3520 5.00 0.1036
27.4300 40.8370 8.00 0.1036
29.0730 40.7630 5.00 0.1036
30.3210 40.8460 10.00 0.1036
29.1750 40.6800 2.60 0.1036
30.1880 40.0680 10.00 0.1036
29.5410 40.6390 10.00 0.1036
29.9520 40.7780 7.00 0.1036
29.9030 40.6630 10.00 0.1036
29.6800 40.6950 10.00 0.1036
29.0510 40.5380 10.00 0.1036
30.3720 40.5820 10.00 0.1036
26.1500 40.4300 33.00 0.1036
26.0200 40.4400 5.00 0.1036
28.0410 40.4330 10.00 0.1036
29.9900 40.6970 10.00 0.1036
27.4920 40.1760 10.00 0.1036
26.2000 40.6100 10.00 0.1036
28.9910 40.8030 10.00 0.1036
27.5270 40.5940 10.00 0.1036
29.7780 40.7870 10.10 0.1036
29.8850 40.7410 10.00 0.1036
30.0740 40.7480 9.60 0.1036
27.9780 40.4150 10.00 0.1036
27.5120 40.7720 10.00 0.1036
26.2320 40.4020 10.00 0.1036
27.4390 40.6770 10.00 0.1036
27.5430 40.6700 10.00 0.1036
27.5080 40.6490 10.00 0.1036
29.8980 40.7740 13.10 0.1036
27.1850 40.0700 5.00 0.1036
26.2140 40.3850 5.00 0.1036
29.0850 40.2570 10.00 0.1036
27.7070 40.6240 18.40 0.1036
28.3830 40.3550 10.00 0.1036
26.9760 39.9300 32.00 0.1036
29.0620 40.9780 10.00 0.1036
30.0390 40.7580 10.00 0.1036
28.6130 40.7560 10.00 0.1036
25.9500 40.3900 23.00 0.1036
27.3800 40.6950 10.00 0.1036
26.1450 40.5390 10.00 0.1036
29.1950 40.2860 10.00 0.1036
27.4900 40.2300 38.00 0.1036
28.8370 40.5270 10.00 0.1036
28.3330 39.9010 5.00 0.1036
26.0000 40.4100 34.00 0.1036
28.1260 40.8330 5.00 0.1036
30.4030 40.8130 5.70 0.1036
29.3020 40.2490 11.00 0.1036
29.0530 39.9240 10.00 0.1036
30.2610 40.7100 10.00 0.1036
26.0320 40.4350 10.00 0.1036
28.8970 40.2160 5.00 0.1036
28.8770 40.2380 10.00 0.1036
28.4240 40.4500 5.00 0.1036
29.0330 40.8080 10.00 0.1036
28.6770 39.7810 10.00 0.1036
29.8010 40.7030 5.00 0.1036
27.7390 40.8120 10.00 0.1036
26.2000 40.4700 5.00 0.1036
28.0490 40.9080 14.00 0.1036
30.4520 40.6450 5.00 0.1036
30.1470 40.5940 5.00 0.1036
30.4120 40.0460 5.00 0.1036
28.1210 40.7920 10.00 0.1036
28.3480 40.6740 10.00 0.1036
29.1520 40.6480 7.00 0.1036
26.1410 40.8920 2.00 0.1036
30.5700 40.6800 10.00 0.1036
29.9860 40.7070 10.00 0.1036
26.1800 40.5100 34.00 0.1036
29.4360 40.3040 10.00 0.1036
26.1500 39.8200 3.00 0.1036
27.6350 40.0460 10.00 0.1036
29.0480 41.2910 10.00 0.1036
26.0000 40.8260 1.00 0.1036
30.6110 39.7800 8.00 0.1036
27.2260 40.2780 10.00 0.1036
26.1460 40.5390 10.00 0.1036
30.3980 40.6390 10.00 0.1036
29.0990 40.7750 10.00 0.1036
26.9680 40.1370 9.60 0.1036
25.9700 40.4100 20.00 0.1036
26.1100 40.4400 24.00 0.1036
29.8950 40.6670 10.00 0.1036
27.5740 40.6260 1.00 0.1036
30.0340 40.8220 9.50 0.1036
30.0200 40.7110 10.00 0.1036
27.4030 40.7910 10.00 0.1036
30.5680 39.8670 10.00 0.1036
30.5070 39.8800 8.90 0.1036
28.4780 40.6260 10.00 0.1036
29.5670 39.7860 23.20 0.1036
28.1740 39.9750 10.00 0.1036
29.9590 40.6440 10.00 0.1036
28.9900 40.4200 5.40 0.1036
27.6370 40.5010 10.00 0.1036
27.7120 40.8400 10.00 0.1036
28.6620 40.3880 10.00 0.1036
27.8590 40.2820 10.00 0.1036
26.1620 40.8420 10.00 0.1036
27.3750 40.1910 10.00 0.1036
27.7590 40.5690 10.00 0.1036
30.3260 40.6990 19.30 0.1036
27.5770 40.7480 10.00 0.1036
29.7120 40.7320 10.00 0.1036
29.8290 40.6760 5.00 0.1036
29.4100 40.3380 13.20 0.1036
26.2600 40.3700 30.00 0.1036
29.1820 40.0560 10.00 0.1036
27.5090 40.2350 10.00 0.1036
30.4420 40.7390 10.00 0.1036
29.9880 40.6880 9.70 0.1036
27.1500 40.4730 6.00 0.1036
29.2000 40.7070 7.00 0.1036
25.9510 39.9720 5.00 0.1036
27.9500 40.8710 10.00 0.1036
28.9020 40.4060 10.00 0.1036
26.9020 40.1890 3.30 0.1036
29.3390 40.3540 6.00 0.1036
26.0800 39.7900 5.00 0.1036
26.0380 40.5610 10.00 0.1036
29.2900 40.1750 10.00 0.1036
29.9000 40.7240 10.00 0.1036
29.1660 40.7680 10.00 0.1036
26.6190 39.8460 10.00 0.1036
29.9180 40.7160 5.00 0.1036
28.7920 40.6100 10.00 0.1036
28.7930 40.3740 10.00 0.1036
30.6000 40.6510 10.00 0.1036
29.9800 40.7120 5.00 0.1036
26.1130 40.0000 10.00 0.1036
29.9940 40.6780 8.00 0.1036
29.6140 39.8160 10.00 0.1036
30.6440 40.6810 10.00 0.1036
29.1100 40.6310 7.00 0.1036
27.5000 40.5470 10.00 0.1036
28.8950 40.0190 10.00 0.1036
29.9100 40.6930 5.00 0.1036
28.6540 40.4240 8.00 0.1036
28.7400 40.8500 5.00 0.1036
29.0010 40.4300 10.00 0.1036
29.1220 40.3030 10.00 0.1036
29.1190 39.8910 10.00 0.1036
28.1050 40.7660 10.00 0.1036
27.7500 40.6320 10.00 0.1036
30.0240 40.4170 10.00 0.1036
28.3660 40.4110 9.00 0.1036
28.1070 39.9690 10.00 0.1036
26.9910 39.7900 10.00 0.1036
28.8610 39.9780 10.00 0.1036
29.9000 40.6990 10.00 0.1036
27.7330 39.8850 9.00 0.1036
29.9240 40.7040 10.00 0.0983
26.0770 40.3590 7.00 0.0983
27.4690 40.7850 6.00 0.0983
28.4520 40.8280 10.00 0.0983
27.5540 40.7890 13.00 0.0983
26.2100 40.6110 10.00 0.0983
30.0270 40.7130 5.00 0.0983
29.8620 40.7210 5.00 0.0983
29.6220 40.2460 10.00 0.0983
29.3320 39.9380 5.00 0.0983
29.8670 40.8590 10.00 0.0983
29.1290 39.8890 10.00 0.0983
28.1210 40.8380 10.00 0.0983
29.2620 39.9400 5.00 0.0983
28.8650 40.4150 5.00 0.0983
29.3210 39.8040 10.00 0.0983
29.0860 40.7670 10.00 0.0983
29.1480 40.5320 1.20 0.0983
27.2110 40.2650 12.00 0.0983
29.2490 40.9820 10.00 0.0983
29.1170 40.6480 5.00 0.0983
29.7980 40.7510 13.00 0.0983
29.2220 40.1500 10.00 0.0983
27.8560 40.8640 10.00 0.0983
29.9410 40.7050 5.00 0.0983
27.3630 40.2730 10.00 0.0983
29.1140 40.6310 5.00 0.0983
27.0450 40.3640 8.50 0.0983
29.9320 40.7020 10.00 0.0983
28.7160 40.8630 5.00 0.0983
29.3080 40.2290 5.00 0.0983
26.9900 40.2220 5.00 0.0983
29.0990 40.4390 5.00 0.0983
28.7180 40.8580 9.00 0.0983
28.1630 40.8620 5.00 0.0983
29.7080 40.3570 9.00 0.0983
27.7830 40.8120 10.00 0.0983
26.0110 40.1410 3.80 0.0983
29.1370 40.4570 0.10 0.0983
26.2100 40.5400 5.00 0.0983
29.2610 40.1470 10.00 0.0983
27.4500 40.5680 10.00 0.0983
28.2460 40.2170 10.00 0.0983
27.5260 40.5500 10.00 0.0983
28.9630 41.2320 5.00 0.0983
29.9520 40.6830 10.00 0.0983
27.3370 40.2930 10.00 0.0983
28.0730 40.8140 10.00 0.0983
27.4670 40.5570 10.00 0.0983
27.5940 40.3710 10.00 0.0983
28.0300 40.8100 10.00 0.0983
29.1410 40.3740 10.00 0.0983
27.6180 40.3520 10.00 0.0983
29.1030 40.6090 6.00 0.0983
30.3660 40.5620 10.00 0.0983
27.6870 40.8340 10.00 0.0983
29.1560 40.6470 10.00 0.0983
25.9780 40.4030 10.00 0.0983
29.4010 40.1940 10.00 0.0983
27.8310 40.8090 10.00 0.0983
27.8030 39.8050 5.00 0.0983
27.8040 40.8200 5.00 0.0983
29.8190 40.7420 10.00 0.0983
27.8680 40.2640 10.00 0.0983
26.1380 40.3970 17.00 0.0983
29.3010 40.1070 10.00 0.0983
29.9690 40.6730 10.00 0.0983
29.2650 40.1250 5.00 0.0983
30.2160 40.7480 10.00 0.0983
26.8850 40.2850 10.00 0.0983
29.7550 40.7080 10.00 0.0983
28.9470 39.7960 10.00 0.0983
27.7950 40.7920 10.00 0.0983
28.5940 40.0480 10.00 0.0983
25.9520 40.4480 10.00 0.0983
29.3340 40.7290 4.70 0.0983
27.4520 39.9560 10.00 0.0983
28.0550 40.8560 6.00 0.0983
26.7850 39.9330 10.00 0.0983
27.5970 40.3180 10.00 0.0983
29.2620 39.9560 5.00 0.0983
27.2710 40.5570 10.00 0.0983
27.4550 40.7240 10.00 0.0983
28.4380 40.4520 10.00 0.0983
26.2670 40.3300 24.00 0.0983
27.5580 40.8450 10.00 0.0983
28.6960 40.3590 11.10 0.0983
28.9790 40.5030 10.00 0.0983
29.9840 40.6600 9.00 0.0983
25.9810 40.3860 10.00 0.0983
28.7430 40.0510 5.00 0.0983
28.8670 40.1850 9.00 0.0983
28.9810 41.2030 10.00 0.0983
26.0300 40.4000 24.00 0.0983
30.2830 40.6960 5.00 0.0983
26.1700 40.4190 8.00 0.0983
27.9930 40.8760 10.00 0.0983
29.9870 40.7410 10.00 0.0983
28.8630 39.9030 10.00 0.0983
29.9680 40.8010 5.00 0.0983
29.9360 40.7090 10.00 0.0983
27.6620 40.5520 14.00 0.0983
29.9930 40.7770 10.00 0.0983
29.7190 40.6910 10.00 0.0983
27.5130 39.9310 5.00 0.0983
29.8980 40.6730 10.00 0.0983
28.5290 40.0530 10.00 0.0983
29.2040 40.0570 10.00 0.0983
29.1750 40.6250 10.00 0.0983
28.0770 39.9620 10.00 0.0983
27.9540 40.4660 5.00 0.0983
28.0880 40.0020 10.00 0.0983
29.0830 40.6190 7.00 0.0983
26.0400 40.4100 30.00 0.0983
30.2030 40.7230 10.00 0.0983
28.0710 40.7790 10.00 0.0983
26.2250 40.3480 10.00 0.0983
30.1780 40.7580 10.00 0.0983
27.2910 40.5430 10.00 0.0983
26.0240 40.3550 10.00 0.0983
27.7630 40.8340 10.00 0.0983
27.6120 40.8650 10.00 0.0983
30.4760 40.8510 6.00 0.0983
28.8780 40.2360 5.00 0.0983
30.5860 40.0750 10.00 0.0983
26.1890 40.3820 5.00 0.0983
26.1500 40.4400 4.00 0.0983
27.6990 40.2290 10.00 0.0983
28.6480 40.4270 10.00 0.0983
29.4070 39.8890 10.00 0.0983
29.1450 40.6340 10.00 0.0983
30.3110 40.8220 1.40 0.0983
30.0250 40.7200 10.00 0.0983
28.6780 40.4470 10.00 0.0983
27.6910 40.0300 12.00 0.0983
27.3450 40.3080 10.00 0.0983
30.0970 40.6560 10.00 0.0983
26.3770 40.5130 10.00 0.0983
26.3900 40.4700 29.00 0.0983
26.6760 40.5050 10.00 0.0983
29.9230 40.7570 9.00 0.0983
28.8116 40.5159 10.00 0.0983
27.6020 40.7460 5.00 0.0983
26.1030 40.8430 10.00 0.0983
28.9590 39.9770 10.00 0.0983
29.0460 40.6690 13.20 0.0983
27.5760 40.8060 10.00 0.0983
28.9100 40.2380 10.00 0.0983
27.7760 40.8170 15.00 0.0983
26.2100 40.4300 26.00 0.0983
27.5400 40.3200 10.00 0.0983
28.8010 40.0340 10.00 0.0983
27.3790 40.0990 10.00 0.0983
27.7750 40.2810 10.00 0.0983
28.2820 40.1730 10.00 0.0983
27.5300 40.8190 10.00 0.0983
27.6490 40.6260 10.00 0.0983
27.6910 40.8570 10.00 0.0983
26.5580 40.3840 10.00 0.0983
29.4590 39.8810 10.00 0.0983
28.1450 40.8100 10.00 0.0983
27.8870 40.5700 10.00 0.0983
27.7560 40.7960 10.00 0.0983
27.8610 40.0920 13.20 0.0983
27.4520 40.2360 10.00 0.0983
26.1160 40.4960 10.00 0.0983
27.5210 40.0070 10.00 0.0983
28.7920 40.0060 17.00 0.0983
26.0450 40.8340 3.00 0.0983
27.2650 40.0140 10.00 0.0983
27.3820 40.7470 10.00 0.0983
28.9840 40.4050 5.00 0.0983
27.9170 40.1830 12.90 0.0983
26.0000 40.4200 33.00 0.0983
28.9360 40.2300 10.00 0.0983
28.7350 40.8550 12.00 0.0983
27.1830 40.1710 10.00 0.0983
29.3100 40.2840 5.00 0.0983
29.8620 40.6940 10.00 0.0983
30.5250 40.8330 10.00 0.0983
29.0960 40.6530 10.00 0.0983
27.8110 40.7980 10.00 0.0983
27.5630 40.7460 5.30 0.0983
25.9600 40.4100 27.00 0.0983
30.1770 40.6370 8.70 0.0983
29.1450 40.2090 7.80 0.0983
25.9660 40.4120 14.50 0.0983
27.4830 40.7690 10.00 0.0983
26.1390 40.3470 20.00 0.0983
29.7140 40.2430 10.00 0.0983
29.2450 40.5350 6.30 0.0983
30.3500 40.7340 5.00 0.0983
29.8380 40.7120 10.00 0.0983
29.0080 41.2560 10.00 0.0983
29.3990 40.1210 7.50 0.0983
30.0230 40.7200 16.70 0.0983
28.9740 40.5920 8.00 0.0983
27.7950 40.6880 10.00 0.0983
28.7320 40.6090 10.00 0.0983
27.9860 40.2300 8.90 0.0983
29.2890 40.9190 0.10 0.0983
29.9040 40.6510 10.00 0.0983
30.0310 41.0060 10.00 0.0983
29.4280 40.7060 11.00 0.0983
27.4990 40.2890 9.00 0.0983
25.9750 40.3290 15.70 0.0983
26.0800 40.4400 10.00 0.0983
30.0050 40.7190 10.00 0.0983
29.2700 40.1460 10.00 0.0983
27.5610 40.7220 10.00 0.0983
29.3610 40.2540 10.00 0.0983
28.3050 40.3820 10.00 0.0983
27.4820 40.1120 10.00 0.0983
30.2030 40.4520 8.90 0.0983
30.1800 40.8150 8.00 0.0983
28.0030 40.2650 15.10 0.0983
29.0610 40.7580 5.00 0.0983
28.2940 40.8490 10.00 0.0983
28.2700 40.1840 10.00 0.0932
29.9410 40.3460 5.00 0.0932
27.4530 39.9690 10.00 0.0932
29.1440 40.6340 10.00 0.0932
28.1340 40.8030 5.00 0.0932
25.9970 40.2150 10.00 0.0932
28.1010 39.9850 12.00 0.0932
27.2950 40.6310 10.00 0.0932
29.1200 40.6290 7.00 0.0932
26.5590 40.0220 5.00 0.0932
26.0900 40.9300 5.00 0.0932
28.0320 40.4290 10.00 0.0932
29.0120 40.2420 5.00 0.0932
27.5610 40.3780 10.00 0.0932
29.8850 39.8340 5.00 0.0932
28.7260 41.0970 5.00 0.0932
27.8280 40.8290 10.00 0.0932
29.1380 40.3400 13.90 0.0932
27.3780 40.7350 10.00 0.0932
28.2850 41.2080 10.00 0.0932
27.9690 40.8350 10.00 0.0932
29.0570 39.8730 10.00 0.0932
28.7670 39.8660 5.00 0.0932
29.4340 40.3290 9.00 0.0932
26.3940 40.5040 10.00 0.0932
27.4800 40.7140 10.00 0.0932
27.6960 40.2070 15.70 0.0932
29.0630 40.3210 10.00 0.0932
29.6950 40.7570 5.00 0.0932
26.2030 40.5400 10.00 0.0932
29.9380 40.6850 10.00 0.0932
27.8860 40.8510 7.00 0.0932
27.7130 40.8270 10.00 0.0932
28.7090 40.8510 5.00 0.0932
29.0120 40.5500 10.00 0.0932
30.2270 40.9690 10.00 0.0932
30.0690 40.7190 10.00 0.0932
27.1970 40.5890 10.00 0.0932
27.0280 40.0770 5.00 0.0932
29.6540 40.2930 10.00 0.0932
27.5590 40.7330 10.00 0.0932
27.1320 40.2820 5.00 0.0932
28.5810 40.3190 10.00 0.0932
27.7600 40.0590 10.00 0.0932
29.8250 40.6830 15.00 0.0932
27.6540 40.8160 10.00 0.0932
28.8400 40.6240 10.00 0.0932
29.0950 40.6160 6.00 0.0932
29.7960 40.7580 10.00 0.0932
27.8940 40.6120 9.00 0.0932
29.9280 40.6430 10.00 0.0932
29.9650 40.7290 10.00 0.0932
27.4920 40.7820 10.00 0.0932
29.6280 40.3340 10.00 0.0932
28.0230 40.0870 10.00 0.0932
27.4060 39.9600 10.00 0.0932
29.9750 39.8970 10.00 0.0932
29.9720 40.7530 5.30 0.0932
29.1030 40.6310 5.00 0.0932
29.1880 40.6950 5.00 0.0932
29.3600 40.7320 13.00 0.0932
27.8790 40.8150 10.00 0.0932
29.0850 40.7690 10.00 0.0932
29.2840 40.1020 10.00 0.0932
29.0970 41.1140 10.00 0.0932
29.2710 40.1230 10.00 0.0932
27.7940 40.8060 10.00 0.0932
29.0950 40.6310 5.00 0.0932
28.8720 39.9650 10.00 0.0932
28.0480 40.4270 10.00 0.0932
27.7230 40.5560 10.00 0.0932
29.1490 40.6290 10.00 0.0932
27.6920 39.9560 5.00 0.0932
29.8330 40.7210 5.00 0.0932
30.3030 40.7810 12.70 0.0932
27.4320 40.7900 13.00 0.0932
29.1300 40.6410 10.00 0.0932
27.0360 40.2060 10.00 0.0932
29.9610 40.6740 10.00 0.0932
27.2420 40.6040 10.00 0.0932
30.2850 40.6310 6.60 0.0932
27.7940 40.6010 11.00 0.0932
29.4890 40.2230 10.00 0.0932
27.9710 40.7640 10.00 0.0932
29.2470 40.7860 10.00 0.0932
29.0500 40.6030 21.80 0.0932
26.6030 40.2000 10.00 0.0932
29.0100 40.4830 5.00 0.0932
27.8050 40.8050 10.00 0.0932
29.1290 40.7570 10.00 0.0932
28.6810 41.1230 10.00 0.0932
27.3250 40.3160 10.00 0.0932
28.6230 40.7250 10.00 0.0932
28.0400 40.2830 12.10 0.0932
27.0460 40.3330 10.00 0.0932
28.7720 39.8870 4.50 0.0932
29.1930 41.1970 10.00 0.0932
27.7370 40.7260 6.00 0.0932
26.1820 39.8230 10.00 0.0932
26.3300 40.3480 7.00 0.0932
27.9250 40.2820 10.00 0.0932
27.8030 40.5630 10.00 0.0932
28.5350 41.1580 10.00 0.0932
26.2350 39.9550 10.00 0.0932
27.9410 40.2830 10.00 0.0932
28.4540 41.1390 10.00 0.0932
27.6150 40.8630 10.00 0.0932
27.7000 40.8440 10.00 0.0932
29.2850 40.8760 12.00 0.0932
26.4300 41.1570 10.00 0.0932
28.0800 40.8080 10.00 0.0932
28.0640 40.0180 10.00 0.0932
27.4630 40.6760 10.00 0.0932
26.9960 39.8940 22.30 0.0932
28.7630 40.8210 10.00 0.0932
28.8990 40.3950 10.00 0.0932
28.1480 40.8220 10.00 0.0932
30.3000 40.6470 5.00 0.0932
27.3330 40.7920 10.00 0.0932
26.8060 39.8990 10.00 0.0932
27.8070 40.7910 10.00 0.0932
29.3320 40.4870 14.80 0.0932
29.1260 40.6290 5.00 0.0932
30.5410 40.7130 1.10 0.0932
29.1070 40.6580 10.00 0.0932
28.7750 40.0080 10.00 0.0932
27.9200 40.8000 10.00 0.0932
29.1760 40.7000 9.10 0.0932
27.9250 40.3680 10.00 0.0932
26.8580 39.8210 5.00 0.0932
29.7610 40.3300 10.00 0.0932
30.3220 40.6980 5.00 0.0932
28.8400 39.9210 18.00 0.0932
28.7460 40.0400 5.00 0.0932
28.7040 40.8380 10.00 0.0932
26.9280 40.2120 10.00 0.0932
29.2400 40.1020 9.00 0.0932
29.8150 40.6990 10.00 0.0932
29.9540 40.6700 10.00 0.0932
27.4460 40.6810 10.00 0.0932
27.7020 40.7920 14.00 0.0932
28.3400 40.4010 10.00 0.0932
27.5690 40.7970 9.00 0.0932
29.1890 41.1850 5.00 0.0932
29.8330 40.6580 10.00 0.0932
29.3200 40.2250 10.00 0.0932
26.1820 40.4050 5.60 0.0932
29.4030 40.2020 10.00 0.0932
28.4170 40.4120 10.00 0.0932
29.1990 39.8640 5.00 0.0932
27.3520 40.0030 10.00 0.0932
29.8560 40.7640 10.00 0.0932
29.0560 40.7200 10.00 0.0932
29.1350 40.3420 10.00 0.0932
27.6390 40.8460 10.00 0.0932
29.2240 40.1270 10.00 0.0932
29.1050 40.7060 10.00 0.0932
30.5150 39.9120 10.00 0.0932
28.7470 39.9470 10.00 0.0932
29.3450 41.2780 10.00 0.0932
27.8530 40.8050 5.00 0.0932
29.5660 40.4040 10.00 0.0932
28.2400 39.9250 10.00 0.0932
29.3170 40.0720 10.00 0.0932
27.2630 40.0370 5.00 0.0932
29.7180 41.1610 10.00 0.0932
27.6760 40.4880 10.00 0.0932
29.9220 40.7140 10.00 0.0932
29.1060 40.6280 5.00 0.0932
29.4960 40.5600 10.00 0.0932
30.4460 40.5580 10.00 0.0932
30.2520 40.8090 10.00 0.0932
29.1510 40.6390 10.00 0.0932
26.9110 39.8190 10.00 0.0932
30.5090 39.8540 10.00 0.0932
29.2300 40.6040 5.00 0.0932
26.0240 40.3800 15.00 0.0932
26.0300 40.4600 28.00 0.0932
30.0040 40.7120 14.00 0.0932
27.7540 40.8140 10.00 0.0932
29.0020 40.3300 11.00 0.0932
27.4950 40.8150 10.00 0.0932
30.0350 40.7100 5.00 0.0932
27.5850 40.7500 10.00 0.0932
27.6720 40.5830 10.00 0.0932
29.1040 40.6400 16.80 0.0932
28.4370 40.4450 10.00 0.0932
28.8650 40.0400 10.00 0.0932
27.0580 40.3770 10.00 0.0932
29.6940 40.7420 10.40 0.0932
30.3610 40.8360 5.00 0.0932
28.0940 40.8160 11.00 0.0932
29.9520 40.7540 10.00 0.0932
28.3260 40.3630 7.00 0.0932
27.3260 40.9910 10.00 0.0932
29.0990 40.7370 10.00 0.0932
27.2930 39.9080 10.00 0.0932
29.1580 40.6400 5.00 0.0932
27.1870 40.1170 5.00 0.0932
28.1250 39.9970 10.00 0.0932
29.5060 40.1760 10.00 0.0932
28.6260 40.7370 10.00 0.0932
28.1340 40.1220 5.00 0.0932
27.8720 40.8110 10.00 0.0932
29.8970 40.6990 5.00 0.0932
27.8940 40.8150 5.00 0.0932
27.4210 39.9720 10.00 0.0932
29.0420 40.2520 5.00 0.0932
30.3110 40.6980 10.00 0.0932
28.8510 40.4430 33.00 0.0932
29.9010 40.6540 10.00 0.0932
29.5090 40.3020 10.00 0.0932
27.3520 40.2710 10.00 0.0932
30.1900 40.6870 10.00 0.0932
25.9530 40.3840 10.00 0.0932
27.0130 40.1910 10.00 0.0932
30.1150 40.6750 5.80 0.0932
27.2470 40.3830 8.00 0.0932
27.3720 40.1920 10.00 0.0932
28.7610 40.8670 21.70 0.0932
29.9110 39.8230 5.00 0.0932
27.8630 40.3840 10.00 0.0932
29.9910 40.7010 8.70 0.0932
28.2640 40.1540 10.00 0.0932
27.8370 40.7790 10.00 0.0932
27.2090 40.3120 10.00 0.0932
29.9980 40.7880 10.00 0.0932
28.1380 39.9460 10.00 0.0932
29.7400 40.6880 5.00 0.0932
28.6880 40.8520 5.40 0.0932
29.9760 40.6860 10.00 0.0932
26.4010 40.5220 10.00 0.0932
26.3420 40.5550 53.00 0.0932
27.5080 40.7900 10.00 0.0932
29.0400 40.6090 9.10 0.0932
27.9270 39.8460 6.00 0.0932
30.4440 40.4780 5.00 0.0932
30.1880 39.9260 10.00 0.0932
29.9160 40.7120 10.00 0.0932
28.7020 41.1210 10.00 0.0932
28.4490 40.3940 10.00 0.0932
29.0880 40.6210 10.00 0.0932
28.9700 39.9910 10.00 0.0932
29.8140 40.6950 10.00 0.0932
29.0780 40.6250 5.00 0.0932
27.5030 40.7890 21.20 0.0932
29.1000 40.6410 10.00 0.0932
26.2630 40.7510 10.00 0.0932
28.8140 40.9110 14.00 0.0932
29.2460 39.9670 10.00 0.0932
26.1200 40.4000 27.00 0.0932
29.0640 40.4680 15.80 0.0932
26.8250 39.8100 10.00 0.0932
29.2590 40.1210 10.00 0.0932
29.1010 39.8960 10.00 0.0932
27.2990 40.7490 17.50 0.0932
26.3580 40.4450 10.00 0.0932
29.3580 39.8140 10.00 0.0932
29.3430 41.1180 5.00 0.0932
28.0600 40.0200 10.00 0.0932
27.4050 40.4000 10.00 0.0932
27.0310 40.3400 10.00 0.0932
28.8080 40.8390 10.00 0.0932
26.0960 40.4940 10.00 0.0932
26.7840 39.8990 10.00 0.0932
29.7440 40.3000 9.40 0.0932
29.1840 40.6870 5.00 0.0932
27.8320 40.8020 10.00 0.0884
30.5660 40.7070 13.10 0.0884
30.0510 40.7200 10.00 0.0884
28.4340 41.1810 10.00 0.0884
29.0390 40.5880 10.00 0.0884
29.0890 40.6910 10.00 0.0884
29.8190 40.6820 10.00 0.0884
29.1840 40.1910 5.00 0.0884
27.6710 40.6510 9.20 0.0884
29.9170 40.7780 9.10 0.0884
29.9690 40.7020 5.00 0.0884
28.3320 40.9010 10.00 0.0884
29.2310 40.4580 10.00 0.0884
27.2550 40.2210 10.00 0.0884
29.2350 40.4170 14.20 0.0884
27.6520 40.0670 12.40 0.0884
29.3280 41.2500 10.00 0.0884
29.5590 39.7870 10.00 0.0884
27.6090 40.6210 9.00 0.0884
27.8220 40.5400 10.00 0.0884
27.9340 40.6750 10.00 0.0884
29.4320 40.2540 7.00 0.0884
29.2110 40.7630 10.00 0.0884
29.0070 40.6540 5.50 0.0884
26.1790 40.2690 10.00 0.0884
28.8870 40.6380 6.00 0.0884
27.3240 40.6940 7.00 0.0884
27.8460 40.8080 5.00 0.0884
27.4190 40.2410 10.00 0.0884
29.9640 40.7050 12.90 0.0884
29.0470 40.8240 10.00 0.0884
29.0390 41.2450 10.00 0.0884
26.8380 39.8400 8.00 0.0884
27.9830 40.8680 10.00 0.0884
29.5770 40.2290 10.00 0.0884
27.8650 40.0180 10.00 0.0884
27.8180 40.8000 10.00 0.0884
28.3290 40.8250 10.00 0.0884
28.6090 40.4470 10.00 0.0884
30.2690 39.8630 10.00 0.0884
28.9530 40.4480 5.00 0.0884
27.2060 40.4000 10.00 0.0884
28.7090 40.8400 10.70 0.0884
27.4850 40.7900 5.00 0.0884
28.4800 41.1010 10.00 0.0884
29.2560 40.6120 6.70 0.0884
28.4960 41.1370 5.00 0.0884
28.0330 39.9720 10.00 0.0884
30.2330 40.7590 10.00 0.0884
29.9640 40.7050 12.90 0.0884
25.9470 40.6330 10.00 0.0884
29.0940 40.6340 7.00 0.0884
28.3980 40.9110 10.00 0.0884
29.7450 40.7010 10.00 0.0884
28.1630 39.9330 10.00 0.0884
29.8500 40.6200 10.00 0.0884
28.4220 41.1180 10.00 0.0884
27.9350 40.5010 10.00 0.0884
27.7470 40.2580 19.00 0.0884
29.2200 40.7190 16.00 0.0884
30.0050 40.3800 10.00 0.0884
29.9500 40.7410 5.00 0.0884
29.0320 40.7130 5.00 0.0884
28.6970 41.1090 10.00 0.0884
28.4330 41.0280 10.00 0.0884
27.8460 40.4080 10.00 0.0884
30.6550 40.0720 10.00 0.0884
29.1140 40.7750 10.00 0.0884
28.9900 41.0920 10.00 0.0884
27.6340 39.8430 13.00 0.0884
29.8280 40.6870 10.00 0.0884
29.8540 40.2940 5.00 0.0884
27.9970 40.8150 10.00 0.0884
29.1390 40.6390 5.00 0.0884
28.8250 39.9840 10.00 0.0884
27.4430 40.6550 10.00 0.0884
27.6590 40.5700 10.00 0.0884
29.2580 41.2590 10.00 0.0884
30.6270 40.7680 5.30 0.0884
28.0160 40.7990 10.00 0.0884
28.9790 40.1680 10.00 0.0884
27.2060 40.1500 5.00 0.0884
27.7880 40.7850 10.00 0.0884
28.8060 39.9790 10.00 0.0884
27.7720 40.8040 10.00 0.0884
27.8020 40.7980 5.00 0.0884
29.8270 40.6740 10.00 0.0884
27.5360 40.5920 10.00 0.0884
28.1330 40.9340 10.00 0.0884
28.3220 39.8860 10.00 0.0884
29.0970 40.6590 10.00 0.0884
29.6640 40.7270 11.00 0.0884
29.1750 40.6210 10.00 0.0884
29.2070 40.2970 10.00 0.0884
29.1890 40.6550 3.30 0.0884
28.0560 40.4430 10.00 0.0884
29.9120 40.4820 10.00 0.0884
27.7470 40.7310 5.00 0.0884
28.0690 39.7850 10.00 0.0884
29.4490 40.3800 10.00 0.0884
27.3830 40.5390 5.00 0.0884
28.2780 41.1850 10.00 0.0884
29.6930 40.5180 10.00 0.0884
30.5860 40.8900 10.00 0.0884
26.4330 40.0110 10.00 0.0884
29.8780 40.7250 5.00 0.0884
28.0100 39.8470 10.00 0.0884
29.3420 40.1660 10.00 0.0884
29.5060 40.3720 10.00 0.0884
29.0770 40.7160 10.00 0.0884
30.4530 40.6550 5.00 0.0884
28.7350 41.1070 10.00 0.0884
28.5210 40.5220 5.00 0.0884
28.9390 40.4390 5.00 0.0884
29.9150 40.6700 10.00 0.0884
29.9560 40.7360 10.00 0.0884
28.3680 41.0370 10.00 0.0884
28.8830 40.7930 10.00 0.0884
29.8310 40.5060 10.00 0.0884
30.1230 40.7480 10.00 0.0884
30.4300 40.6290 10.00 0.0884
28.8020 39.9070 10.00 0.0884
29.9290 40.7030 10.00 0.0884
28.6300 40.0470 9.00 0.0884
28.4690 41.1380 10.00 0.0884
27.7490 40.0260 10.00 0.0884
29.0670 40.5930 7.00 0.0884
28.6260 40.9680 10.00 0.0884
28.7340 41.1130 10.00 0.0884
28.0370 40.8590 10.00 0.0884
29.0070 39.8670 5.00 0.0884
29.1170 40.7740 10.00 0.0884
30.0670 40.3970 10.00 0.0884
27.4270 40.3220 10.00 0.0884
27.6980 40.8320 10.00 0.0884
29.1960 41.1140 10.00 0.0884
30.5540 40.6860 5.00 0.0884
29.4700 40.3330 10.00 0.0884
30.0590 40.1900 10.00 0.0884
28.6880 41.1300 10.00 0.0884
29.2310 39.8780 10.00 0.0884
28.6170 41.1490 10.00 0.0884
29.2100 40.1430 5.00 0.0884
29.4970 40.8920 11.00 0.0884
28.4630 41.1410 10.00 0.0884
27.5450 40.6380 10.00 0.0884
28.7220 41.1680 10.00 0.0884
27.4830 40.6320 10.00 0.0884
29.2280 41.2020 10.00 0.0884
30.2220 40.2150 10.00 0.0884
28.4870 41.1280 10.00 0.0884
27.4370 40.6490 10.00 0.0884
27.0430 40.1040 5.00 0.0884
25.9740 40.3660 20.00 0.0884
26.2240 40.4060 8.00 0.0884
29.4230 40.1960 11.00 0.0884
29.3650 40.2400 10.00 0.0884
30.2880 40.5940 10.00 0.0884
27.8560 40.7930 10.00 0.0884
30.1690 40.7190 10.00 0.0884
29.1020 40.6540 10.00 0.0884
29.9360 40.7290 10.00 0.0884
29.7130 40.7000 10.00 0.0884
28.1070 39.9970 10.00 0.0884
27.4440 40.7680 5.00 0.0884
29.1850 40.6450 10.00 0.0884
30.2960 40.5780 5.00 0.0884
29.2420 40.2960 10.00 0.0884
28.0970 39.9800 10.00 0.0884
28.0140 40.7890 10.00 0.0884
29.2720 40.4710 10.00 0.0884
30.0660 40.7860 10.00 0.0884
29.4030 41.1720 10.00 0.0884
27.9680 40.6170 10.00 0.0884
28.9580 41.0670 10.00 0.0884
29.6060 40.7600 5.00 0.0884
27.9510 40.3820 10.00 0.0884
28.9530 40.4910 10.00 0.0884
30.0280 39.8710 10.00 0.0884
29.9600 40.6840 10.00 0.0884
27.3060 40.6550 10.00 0.0884
29.2080 40.0710 10.00 0.0884
26.1090 40.4220 10.00 0.0884
26.1080 40.3000 6.00 0.0884
28.9200 39.8020 5.00 0.0884
30.1630 40.5110 10.00 0.0884
29.5760 40.2530 10.00 0.0884
29.3360 40.0560 5.00 0.0884
28.0200 40.3820 10.00 0.0884
28.3750 41.0410 10.00 0.0884
29.8940 40.6780 10.00 0.0884
29.9760 40.7180 10.00 0.0884
28.9740 40.1680 10.00 0.0884
28.1010 40.7760 6.00 0.0884
29.0630 41.2300 5.00 0.0884
29.2890 39.7960 10.00 0.0884
28.9550 40.4440 10.00 0.0884
29.2810 40.5330 6.00 0.0884
28.2950 40.3830 5.00 0.0884
28.9180 39.9540 10.00 0.0884
27.5350 40.7620 3.50 0.0884
30.3680 40.3830 10.00 0.0884
28.7720 40.3380 10.00 0.0884
29.3320 39.9590 8.40 0.0884
28.1990 40.4500 5.00 0.0884
28.8890 40.1340 10.00 0.0884
27.9320 39.8250 10.00 0.0884
28.6390 40.7770 10.00 0.0884
28.7710 40.0010 10.00 0.0884
28.9340 40.4650 10.00 0.0884
27.7610 40.8030 10.00 0.0884
29.6320 40.2450 25.00 0.0884
27.3750 40.3780 10.00 0.0884
28.7980 40.3990 5.00 0.0884
30.1600 40.7360 10.00 0.0884
26.9310 40.2070 10.00 0.0884
27.7530 40.8400 10.00 0.0884
28.4010 40.8350 10.00 0.0884
29.2190 40.4170 10.00 0.0884
30.4050 40.7300 10.00 0.0884
28.0420 40.4320 10.00 0.0884
28.4830 41.1400 10.00 0.0884
27.7710 40.7910 10.00 0.0884
28.0650 40.8850 5.00 0.0884
28.5100 41.1160 10.00 0.0884
27.1480 40.3960 10.00 0.0884
27.4850 40.7560 10.00 0.0884
29.8140 40.6500 10.00 0.0884
29.9250 40.7170 10.00 0.0884
29.2640 40.3780 10.00 0.0884
28.7110 40.8500 10.00 0.0884
27.0880 40.3040 5.00 0.0884
29.9200 40.6690 10.00 0.0884
29.3190 41.0290 11.00 0.0884
27.5320 41.2050 10.00 0.0884
28.7050 41.0580 10.00 0.0884
29.3030 40.0880 10.00 0.0884
27.9690 40.8350 10.00 0.0884
28.7360 40.4880 10.00 0.0884
29.7000 40.7030 7.00 0.0884
27.4650 40.2000 5.00 0.0884
29.8620 40.6600 10.00 0.0884
27.6140 40.3430 10.00 0.0884
29.3890 40.8790 10.00 0.0884
26.2450 40.4370 10.00 0.0884
29.9240 40.7250 10.00 0.0884
30.0220 40.6470 15.00 0.0884
27.4650 40.7030 10.00 0.0884
28.7190 40.7330 10.00 0.0884
29.7990 40.4040 10.00 0.0884
27.4710 40.1490 10.00 0.0884
29.9210 40.7400 5.00 0.0884
28.9680 40.1100 10.00 0.0884
28.0200 40.4000 10.00 0.0884
29.2330 40.4840 10.00 0.0884
29.9210 40.7220 10.00 0.0884
30.4560 40.7950 10.00 0.0884
27.8380 39.9670 10.00 0.0884
29.6460 40.8150 10.00 0.0884
27.9640 40.4140 10.00 0.0884
28.0110 40.8110 10.00 0.0884
28.6890 40.1100 8.00 0.0884
27.8130 40.0120 10.00 0.0884
28.6910 41.1040 10.00 0.0884
27.7000 40.7720 10.00 0.0884
27.9630 40.3940 10.00 0.0884
27.5470 40.6800 6.00 0.0884
28.9590 40.1320 7.00 0.0884
28.3300 40.3650 10.00 0.0884
29.1780 41.3000 10.00 0.0884
27.9310 40.7740 5.00 0.0884
29.1880 41.0670 10.00 0.0884
29.5680 40.3540 10.00 0.0884
27.7790 40.0080 11.00 0.0884
29.2960 39.8060 5.00 0.0884
29.7240 40.6760 10.00 0.0884
27.4330 40.7540 10.00 0.0884
26.2570 39.8610 10.00 0.0884
29.4080 40.3690 10.00 0.0884
29.7440 40.8270 10.00 0.0884
29.9770 40.7170 10.00 0.0884
29.9210 40.6860 10.00 0.0884
28.2910 39.8560 10.00 0.0884
29.2550 40.2190 10.00 0.0884
27.7340 40.5980 14.00 0.0884
28.5310 40.3420 23.40 0.0884
29.3360 41.0690 15.00 0.0884
29.6920 40.2570 10.00 0.0884
28.4790 41.1580 10.00 0.0884
28.3580 40.5760 16.60 0.0884
29.1940 40.5600 10.00 0.0884
28.6690 39.8160 10.00 0.0884
29.8640 40.7020 10.00 0.0884
30.2170 40.6460 10.00 0.0884
27.4310 40.1150 10.00 0.0884
27.9440 40.5390 10.00 0.0884
29.4630 40.1290 10.00 0.0884
30.5950 40.7250 4.80 0.0884
28.4690 41.1430 10.00 0.0884
28.8320 40.0810 10.00 0.0884
29.8520 40.7250 10.00 0.0884
27.3050 40.4790 10.00 0.0884
27.7720 39.7990 7.00 0.0884
29.9590 40.5970 10.00 0.0884
26.0180 40.3920 11.00 0.0884
29.9150 40.2270 10.00 0.0884
28.5080 41.1180 10.00 0.0884
27.9730 40.4650 5.00 0.0884
29.4270 40.0220 12.00 0.0884
30.3180 40.8290 7.00 0.0884
29.0320 40.0560 10.00 0.0884
28.4920 41.1660 5.00 0.0884
29.9060 40.7190 7.00 0.0884
27.4320 40.7840 11.20 0.0884
28.8000 40.8420 10.00 0.0884
27.7890 40.2530 5.00 0.0884
28.0400 40.2120 5.00 0.0884
27.8930 40.7970 10.00 0.0884
29.1610 40.3360 5.00 0.0884
29.9960 40.6800 10.00 0.0884
29.7790 40.6630 10.00 0.0884
27.3860 40.7240 5.00 0.0884
28.2410 41.3150 10.00 0.0884
28.4620 41.1250 10.00 0.0884
29.0070 40.6000 9.70 0.0884
28.0170 40.4210 10.00 0.0884
27.8390 40.8290 9.00 0.0884
29.1160 40.6360 7.00 0.0884
27.8310 40.3260 10.00 0.0884
29.0260 40.7490 10.00 0.0884
28.2990 40.1150 9.00 0.0884
28.1060 40.0250 10.00 0.0884
30.2930 40.5750 9.00 0.0884
30.0550 40.6870 7.00 0.0884
27.5020 40.7800 10.00 0.0884
27.9020 40.2580 9.00 0.0884
29.0960 39.9400 6.00 0.0884
29.8580 40.7050 5.00 0.0884
28.9750 40.5660 10.00 0.0884
29.2240 40.1860 5.00 0.0884
27.4920 40.6930 10.00 0.0884
27.9820 40.8860 14.00 0.0884
29.8340 40.6720 10.00 0.0884
26.1800 40.4400 21.00 0.0884
29.6330 39.9990 10.00 0.0884
27.3850 40.7680 17.00 0.0884
27.9120 40.1770 10.00 0.0884
28.6700 39.8180 5.00 0.0884
28.7200 41.1130 10.00 0.0884
27.5940 40.7740 10.00 0.0884
27.7250 39.9260 11.00 0.0884
28.1330 40.8200 5.00 0.0884
29.7750 40.0940 10.00 0.0884
29.2360 39.7860 5.00 0.0884
27.6240 39.8600 10.00 0.0884
27.7960 40.8170 10.00 0.0884
27.8730 39.8460 5.00 0.0884
28.8640 40.5820 10.00 0.0884
29.0260 40.2370 4.70 0.0884
29.3220 40.2170 5.00 0.0884
27.3690 40.1940 5.00 0.0884
27.0550 40.1650 5.00 0.0884
28.8870 41.0600 15.00 0.0884
28.6820 40.4910 5.00 0.0884
28.7250 40.8660 5.00 0.0884
30.3100 40.4470 7.00 0.0884
27.9130 40.3580 10.00 0.0884
29.2860 40.4720 10.00 0.0884
28.4270 41.0410 10.00 0.0884
28.0770 40.0170 10.00 0.0884
28.1020 40.4780 7.00 0.0884
29.9640 40.7070 5.50 0.0884
29.1230 40.6950 10.00 0.0884
30.0050 40.7670 10.00 0.0884
29.1080 40.6540 5.00 0.0884
30.1520 40.8080 10.00 0.0884
29.2720 40.1240 10.00 0.0884
29.9430 40.7020 15.00 0.0884
29.9550 40.7070 14.00 0.0884
29.1850 39.9040 7.00 0.0884
30.3500 40.8950 12.60 0.0884
27.8290 40.8580 10.00 0.0884
28.3430 40.8360 10.00 0.0884
29.1850 40.1880 5.00 0.0884
27.8940 40.3350 13.00 0.0884
29.9220 40.7410 10.00 0.0884
29.9580 40.7040 10.00 0.0884
29.9420 40.6890 10.00 0.0884
29.4250 40.2180 10.00 0.0884
29.7940 40.2990 10.00 0.0884
28.4730 41.1510 5.00 0.0884
29.2230 40.1560 10.00 0.0884
26.9430 40.2410 5.00 0.0884
30.3560 40.7290 5.00 0.0884
28.9530 39.9060 10.00 0.0884
29.8470 40.7440 5.00 0.0884
30.1340 40.6480 10.00 0.0884
29.3470 40.1040 10.00 0.0884
29.2470 40.4990 10.00 0.0884
27.2800 40.2690 10.00 0.0884
27.4340 40.6570 10.00 0.0884
30.0670 39.9240 7.00 0.0884
29.9490 40.7120 10.00 0.0884
29.9880 40.6620 5.00 0.0884
28.7510 41.1620 10.00 0.0884
27.9270 40.1310 10.00 0.0884
29.4290 39.7880 10.00 0.0884
29.1790 40.7050 10.00 0.0884
29.4470 40.3190 10.00 0.0884
27.4060 40.3180 5.00 0.0884
29.9150 40.7190 5.00 0.0884
27.8610 40.8060 10.00 0.0884
29.3630 40.7570 11.00 0.0884
29.9860 40.6720 5.00 0.0884
28.5930 40.5160 10.00 0.0884
27.5770 40.8230 6.40 0.0884
28.7260 40.8460 33.00 0.0884
28.2170 40.7700 5.00 0.0884
28.9140 39.8630 10.00 0.0884
27.6510 40.8060 10.00 0.0884
27.8700 40.3180 10.00 0.0884
29.5080 40.2720 10.00 0.0884
27.6520 40.8190 10.00 0.0884
27.9070 40.4400 10.00 0.0884
28.2440 40.8560 10.00 0.0884
28.6780 39.7820 8.30 0.0884
27.4350 40.7700 0.10 0.0884
30.0170 40.2290 8.00 0.0884
28.7860 40.5990 5.00 0.0884
29.2870 40.2500 10.00 0.0884
28.1100 40.2410 13.00 0.0884
27.7470 41.1540 10.00 0.0884
29.5240 39.7800 10.00 0.0884
28.7020 41.0800 10.00 0.0884
27.2600 39.9370 10.00 0.0884
29.3310 40.1100 10.00 0.0884
28.0770 40.0150 10.00 0.0884
28.6070 40.7470 10.00 0.0884
28.7080 40.2590 10.00 0.0884
29.5840 40.2610 10.00 0.0884
28.1360 40.8180 10.00 0.0884
29.2290 40.7870 10.00 0.0884
28.9150 40.4000 10.00 0.0884
28.4670 41.1430 10.00 0.0884
27.6980 40.5310 10.00 0.0884
28.4660 41.1230 10.00 0.0884
28.7500 40.0240 20.30 0.0884
29.3320 39.8990 10.00 0.0884
26.2930 40.3960 10.00 0.0884
27.7100 40.8560 10.00 0.0884
30.0150 40.6920 5.00 0.0884
26.3970 40.5100 10.00 0.0884
28.6600 41.1040 10.00 0.0884
30.4080 40.9470 10.00 0.0884
27.7390 40.5600 10.00 0.0884
29.9710 40.6890 10.00 0.0884
28.9260 40.4000 10.00 0.0884
29.2840 40.6130 7.20 0.0884
27.7650 40.8310 10.00 0.0884
29.0440 40.6200 5.00 0.0884
30.4100 40.9240 5.00 0.0884
27.7210 40.8190 10.00 0.0884
28.4720 41.1060 10.00 0.0884
27.9370 40.3190 10.00 0.0884
29.0450 41.1890 10.00 0.0884
28.7510 41.0890 10.00 0.0884
29.3030 40.4270 10.00 0.0884
28.0840 40.0480 10.00 0.0884
30.0430 40.7740 10.00 0.0884
28.7650 41.1010 10.00 0.0884
29.9980 40.7570 10.00 0.0884
28.0470 40.8490 10.00 0.0884
27.6210 40.4170 16.00 0.0884
28.6920 41.1180 5.00 0.0884
29.4770 40.3410 10.00 0.0884
28.6320 40.7100 10.00 0.0884
27.5040 40.7760 10.00 0.0884
29.8880 40.6650 10.00 0.0884
28.9590 40.4660 10.00 0.0884
27.6080 40.3920 16.00 0.0884
29.2060 40.4360 10.00 0.0884
29.1800 41.0940 10.00 0.0884
29.4930 40.8780 6.00 0.0838
28.5110 41.1400 5.00 0.0838
29.2170 40.4370 5.00 0.0838
28.5000 41.0820 10.00 0.0838
28.7830 41.0900 10.00 0.0838
29.2400 40.4480 11.00 0.0838
28.5160 41.1480 10.00 0.0838
28.9420 40.4660 5.00 0.0838
29.7880 40.6570 10.00 0.0838
29.2810 40.2080 10.00 0.0838
29.8820 40.6690 10.00 0.0838
29.2380 40.4550 10.00 0.0838
29.9930 40.3390 10.00 0.0838
28.3380 40.4010 10.00 0.0838
28.4390 41.0910 10.00 0.0838
28.9600 41.2620 10.00 0.0838
26.5140 41.1240 10.00 0.0838
27.3800 40.0470 10.00 0.0838
30.0700 40.7060 10.00 0.0838
26.5380 39.8200 8.00 0.0838
29.4910 40.8320 11.00 0.0838
28.7810 40.2130 10.00 0.0838
28.7410 41.1890 10.00 0.0838
30.0980 40.6530 10.00 0.0838
29.3600 41.0890 11.00 0.0838
29.6200 40.0480 10.00 0.0838
27.8240 40.8010 10.00 0.0838
29.9880 40.7370 10.00 0.0838
29.1230 40.5860 5.00 0.0838
28.0810 40.4580 5.00 0.0838
28.9070 40.3790 10.00 0.0838
27.9650 40.9450 5.00 0.0838
29.4430 39.7800 10.00 0.0838
29.4230 40.1440 10.00 0.0838
29.2730 40.2380 10.00 0.0838
29.0870 40.7800 10.00 0.0838
29.2030 40.4420 9.00 0.0838
28.9080 40.4950 10.00 0.0838
29.8030 40.7180 10.00 0.0838
28.6570 40.0540 10.00 0.0838
28.0170 40.2250 5.00 0.0838
28.6220 41.0720 10.00 0.0838
29.6560 40.7100 10.00 0.0838
30.0240 40.7100 10.00 0.0838
28.7080 41.0820 10.00 0.0838
28.7500 40.8480 5.00 0.0838
27.4820 39.8930 5.00 0.0838
26.8780 40.3240 5.00 0.0838
28.1670 40.8550 10.00 0.0838
29.1890 40.7330 10.00 0.0838
27.4990 40.7690 5.00 0.0838
30.5620 40.5850 10.00 0.0838
29.2450 40.2340 10.00 0.0838
29.2230 41.2090 10.00 0.0838
29.3980 41.3070 10.00 0.0838
29.3890 40.1400 10.00 0.0838
29.1730 40.0840 5.00 0.0838
30.1680 40.6790 5.00 0.0838
29.7230 40.9480 10.00 0.0838
28.1440 40.8100 10.00 0.0838
29.1290 40.6290 12.00 0.0838
29.1700 40.5610 10.00 0.0838
29.3700 39.8350 5.00 0.0838
28.7840 41.1480 10.00 0.0838
27.6610 40.5540 10.00 0.0838
30.1610 40.6330 10.00 0.0838
29.1000 41.3100 10.00 0.0838
27.4800 40.7550 10.00 0.0838
29.9090 40.6300 10.00 0.0838
27.5850 40.0550 10.00 0.0838
29.7220 39.8010 10.00 0.0838
29.9010 40.7360 8.00 0.0838
27.8180 40.6390 9.00 0.0838
28.9640 40.5480 10.00 0.0838
28.4810 41.1340 10.00 0.0838
29.3670 40.3960 10.00 0.0838
27.7840 40.7750 10.00 0.0838
28.0150 40.8210 10.00 0.0838
27.7490 40.3660 10.00 0.0838
28.9670 40.3880 10.00 0.0838
29.3300 41.0710 13.00 0.0838
27.4150 40.4420 10.00 0.0838
29.0630 40.6760 5.90 0.0838
26.9580 40.0870 10.00 0.0838
29.4630 39.8430 10.00 0.0838
29.6600 40.2190 12.10 0.0838
29.7930 40.6660 10.00 0.0838
29.0040 41.0800 10.00 0.0838
28.7560 40.8820 9.00 0.0838
27.8000 40.8020 5.00 0.0838
30.3370 40.8140 10.00 0.0838
28.4630 40.4600 10.00 0.0838
27.5380 40.4880 10.00 0.0838
27.6930 41.0880 13.70 0.0838
27.9060 40.7260 10.00 0.0838
27.1940 40.2160 10.00 0.0838
28.0590 40.5760 10.00 0.0838
30.3570 40.8650 5.00 0.0838
26.1610 40.3560 3.00 0.0838
28.6620 39.9150 10.00 0.0838
29.2770 41.0490 10.00 0.0838
29.3010 40.1430 10.00 0.0838
30.1910 40.7680 11.00 0.0838
28.6250 40.6990 10.00 0.0838
28.0590 41.0980 10.00 0.0838
27.5670 40.7320 5.00 0.0838
26.0470 40.3940 10.00 0.0838
28.9480 40.5760 14.00 0.0838
28.6410 40.7130 10.00 0.0838
28.1500 40.8050 10.00 0.0838
28.8990 39.9580 10.00 0.0838
29.8860 40.6630 10.00 0.0838
27.6680 39.8340 10.00 0.0838
28.6520 40.6630 10.00 0.0838
28.7810 40.3180 8.00 0.0838
29.3630 40.9510 8.00 0.0838
29.2050 40.5150 5.00 0.0838
29.9440 40.7120 12.00 0.0838
27.5450 40.4720 10.00 0.0838
30.0210 39.8970 7.00 0.0838
29.9870 40.7340 14.80 0.0838
28.4950 41.1100 10.00 0.0838
27.8940 39.9950 0.30 0.0838
27.9930 40.5360 10.00 0.0838
29.3790 40.2300 10.00 0.0838
28.2960 39.8790 10.00 0.0838
28.8550 40.9880 10.00 0.0838
28.0870 40.8240 10.00 0.0838
29.4330 40.1440 14.00 0.0838
28.4440 41.1080 5.00 0.0838
27.7810 40.8350 5.00 0.0838
27.8540 40.2500 10.00 0.0838
29.9480 40.6870 12.00 0.0838
29.3250 39.8430 10.00 0.0838
29.4110 40.0550 10.00 0.0838
28.6510 40.7230 10.00 0.0838
29.3350 39.9140 10.00 0.0838
28.9890 39.9280 5.00 0.0838
28.4700 41.1710 10.00 0.0838
27.9590 39.8700 10.00 0.0838
28.7720 39.8370 10.00 0.0838
29.2140 40.2500 8.00 0.0838
29.2070 41.2090 11.00 0.0838
29.5530 41.0860 10.00 0.0838
29.3500 39.8220 10.00 0.0838
29.1220 40.3540 10.00 0.0838
29.1570 40.6860 13.00 0.0838
29.1090 40.6250 6.40 0.0838
30.4380 39.7860 10.00 0.0838
28.0140 40.6190 6.00 0.0838
27.8760 40.8100 10.00 0.0838
29.4970 40.6580 10.00 0.0838
29.3470 39.8020 10.00 0.0838
28.4720 41.1030 10.00 0.0838
29.4570 40.3480 10.00 0.0838
29.9760 40.6740 10.00 0.0838
29.3520 39.7940 10.00 0.0838
30.0300 39.8580 10.00 0.0838
28.8290 40.0060 12.60 0.0838
29.4970 40.0680 10.00 0.0838
27.9460 40.7500 10.00 0.0838
28.6500 40.9320 5.00 0.0838
28.4230 40.9120 10.00 0.0838
28.6680 40.7740 10.00 0.0838
26.9570 40.4230 12.00 0.0838
27.3030 39.8200 10.00 0.0838
29.3110 40.9070 14.00 0.0838
29.3230 40.2180 10.00 0.0838
29.1960 40.3100 10.00 0.0838
27.8370 40.8300 10.00 0.0838
29.1650 40.4850 10.00 0.0838
28.7610 40.0360 8.00 0.0838
28.5160 41.1400 10.00 0.0838
27.4890 40.5560 6.00 0.0838
28.3340 40.3820 5.00 0.0838
29.2050 40.0080 10.00 0.0838
27.4270 40.6900 10.00 0.0838
28.4610 41.1220 5.00 0.0838
29.3560 41.0830 11.00 0.0838
28.9750 39.9790 10.00 0.0838
28.8850 41.1660 14.00 0.0838
27.5140 40.6620 10.00 0.0838
27.3490 39.8370 10.00 0.0838
30.3920 40.2600 5.00 0.0838
27.6740 40.5500 10.00 0.0838
27.4570 40.7930 7.00 0.0838
28.5620 41.1050 10.00 0.0838
29.0960 40.6350 7.00 0.0838
29.7540 40.7320 5.00 0.0838
29.0880 40.7750 5.00 0.0838
29.3200 40.3770 10.00 0.0838
28.6850 40.8440 10.00 0.0838
29.1140 40.6350 7.00 0.0838
29.5540 39.7820 10.00 0.0838
29.5400 39.8050 10.00 0.0838
29.0140 40.2380 10.00 0.0838
28.7900 40.1250 5.00 0.0838
28.8910 41.1880 20.00 0.0838
29.3630 40.1990 10.00 0.0838
28.0920 40.7890 10.00 0.0838
29.4450 40.9630 16.50 0.0838
28.7910 41.1280 10.00 0.0838
27.5180 40.7730 5.00 0.0838
29.2530 40.5210 11.40 0.0838
28.1490 40.1590 10.00 0.0838
29.1420 40.8040 10.00 0.0838
29.1840 40.6630 2.90 0.0838
27.7020 40.5270 7.00 0.0838
29.6450 40.2750 10.00 0.0838
28.7940 40.2260 5.00 0.0838
27.4050 40.7230 10.00 0.0838
28.9990 40.6000 8.40 0.0838
30.0600 40.8060 10.00 0.0838
29.9640 40.6590 9.00 0.0838
28.4730 41.1490 10.00 0.0838
28.1000 39.9870 10.00 0.0838
27.4770 40.5870 10.00 0.0838
27.7910 40.8490 5.00 0.0838
27.7880 40.8150 5.00 0.0838
29.7840 40.7060 6.00 0.0838
27.7890 40.7830 10.00 0.0838
29.1000 40.0030 10.00 0.0838
28.7340 41.1320 10.00 0.0838
28.6470 41.2990 5.00 0.0838
29.3070 39.8090 10.00 0.0838
28.9910 40.3100 14.00 0.0838
27.4920 40.5940 5.00 0.0838
28.0050 40.7480 10.00 0.0838
29.4190 40.1590 8.00 0.0838
27.3560 40.2950 2.00 0.0838
29.3040 39.8940 10.00 0.0838
29.3860 39.7910 10.00 0.0838
27.3850 40.7600 7.00 0.0838
28.6440 40.7220 10.00 0.0838
27.8390 40.6600 10.00 0.0838
29.3370 40.3040 10.00 0.0838
29.4980 40.2470 10.00 0.0838
28.6980 41.2150 10.00 0.0838
29.4280 39.7860 10.00 0.0838
27.8320 40.7900 10.00 0.0838
28.5540 40.8430 10.00 0.0838
29.1100 40.6220 8.30 0.0838
28.3280 40.3980 5.00 0.0838
29.2440 40.2190 10.00 0.0838
27.8590 40.2830 10.00 0.0838
27.8110 40.7940 5.00 0.0838
28.3700 40.9720 10.00 0.0838
29.8390 40.7390 10.00 0.0838
28.7340 40.7920 10.00 0.0838
26.9500 40.1880 10.00 0.0838
29.5180 40.8250 10.00 0.0838
29.1190 40.7570 10.00 0.0838
27.8900 40.8160 10.00 0.0838
27.8570 41.0870 10.00 0.0838
27.7260 40.0710 8.00 0.0838
29.1560 40.7020 13.20 0.0838
28.1110 40.7490 5.00 0.0838
28.9700 39.7950 10.00 0.0838
27.3130 40.6840 12.00 0.0838
28.5330 41.2290 10.00 0.0838
29.8350 40.6880 10.00 0.0838
29.9570 40.7020 10.00 0.0838
29.2920 40.1060 10.00 0.0838
29.0580 40.7420 14.00 0.0838
26.0500 40.4890 20.00 0.0838
28.6180 40.7200 10.00 0.0838
29.4460 40.1670 10.00 0.0838
27.6820 40.8180 12.00 0.0838
30.4980 40.7300 12.00 0.0838
28.9610 39.8020 10.00 0.0838
28.0950 40.1250 11.00 0.0838
26.6870 39.8200 6.00 0.0838
29.0790 40.2200 10.00 0.0838
28.6550 40.7780 10.00 0.0838
29.5290 40.1910 15.00 0.0838
29.0770 40.6150 5.00 0.0838
27.8620 40.2810 10.00 0.0838
29.3230 40.2630 10.00 0.0838
29.5310 40.2200 10.00 0.0838
29.2780 40.7080 9.00 0.0838
29.7940 40.2750 10.00 0.0838
27.8630 40.3280 10.00 0.0838
27.4550 40.5940 10.00 0.0838
30.0960 40.5760 10.00 0.0838
28.7950 40.8800 13.00 0.0838
30.3450 40.8620 10.00 0.0838
28.4380 41.1080 10.00 0.0838
29.8780 40.7260 5.00 0.0838
29.1970 40.4720 10.00 0.0838
27.6480 40.7610 10.00 0.0838
28.5900 40.6170 6.00 0.0838
28.7600 41.1970 10.00 0.0838
29.7050 40.6490 10.00 0.0838
28.9680 40.5780 9.00 0.0838
28.0390 40.4200 10.00 0.0838
27.6860 40.7900 20.00 0.0838
28.4880 41.1310 10.00 0.0838
28.5190 41.1500 10.00 0.0838
27.4260 40.6830 10.00 0.0838
29.0990 40.6360 10.00 0.0838
27.8850 40.3080 10.00 0.0838
28.7370 40.7850 5.00 0.0838
29.3690 40.3220 10.00 0.0838
26.3440 40.2990 10.00 0.0838
28.6310 40.6290 10.00 0.0838
29.0100 40.0510 14.20 0.0838
28.4710 41.1550 10.00 0.0838
27.3720 40.1460 10.00 0.0838
29.8290 40.5380 10.00 0.0838
28.4910 41.1320 10.00 0.0838
28.6910 41.0780 5.00 0.0838
27.4160 40.6670 10.00 0.0838
27.3560 39.8760 10.00 0.0838
27.4600 40.2790 5.00 0.0838
30.3050 40.6690 10.00 0.0838
29.7980 40.7840 5.50 0.0838
27.7290 40.8090 10.00 0.0838
28.4690 40.8400 10.00 0.0838
28.4220 41.0220 10.00 0.0838
28.0720 40.8240 5.00 0.0838
29.5780 40.9230 10.00 0.0838
27.9840 41.0500 5.00 0.0838
29.7820 40.7090 5.00 0.0838
28.8890 40.1950 10.00 0.0838
29.3240 40.9940 10.00 0.0838
30.2140 40.8120 10.00 0.0838
28.4500 41.1720 10.00 0.0838
29.1140 40.6870 4.00 0.0838
30.5290 39.8540 10.00 0.0838
28.0760 40.3590 10.00 0.0838
28.0330 40.8180 10.00 0.0838
28.7320 39.8590 10.00 0.0838
27.4890 40.0050 10.00 0.0838
28.8660 41.1530 10.00 0.0838
29.0490 40.7980 10.00 0.0838
28.8230 40.2260 10.00 0.0838
28.1310 40.5730 10.00 0.0838
28.2160 40.5200 5.00 0.0838
29.2180 40.4510 10.00 0.0838
28.4500 40.9490 10.00 0.0838
27.9930 40.7460 10.00 0.0838
29.4200 40.3430 5.00 0.0838
29.0960 40.6370 19.40 0.0838
29.1930 40.4720 11.00 0.0838
29.7780 40.6710 10.00 0.0838
29.3450 39.8350 10.00 0.0838
28.4730 41.1510 5.00 0.0838
30.4830 40.7490 5.00 0.0838
28.1950 40.8600 10.00 0.0838
30.2860 40.4320 10.00 0.0838
27.6640 40.7640 7.00 0.0838
27.7660 40.8250 5.00 0.0838
29.7210 40.4450 10.00 0.0838
29.2070 40.4210 9.00 0.0838
30.0580 40.6530 10.00 0.0838
29.9160 40.6620 10.00 0.0838
28.7600 41.1250 10.00 0.0838
27.4690 40.6090 7.00 0.0838
29.2520 40.1460 10.00 0.0838
30.1530 40.7930 10.00 0.0838
28.4810 41.1620 10.00 0.0838
27.8690 40.7970 10.00 0.0838
28.5000 41.0900 10.00 0.0838
30.0260 40.6900 7.00 0.0838
30.3210 39.8530 5.00 0.0838
29.1100 40.7420 5.00 0.0838
28.6780 41.0370 5.00 0.0838
28.5170 41.1080 5.00 0.0838
28.8600 40.3830 5.00 0.0838
29.2890 40.2890 10.00 0.0838
29.0150 41.1710 7.00 0.0838
28.0320 39.8280 2.00 0.0838
27.2880 40.6090 10.00 0.0838
30.0590 40.0080 10.00 0.0838
27.4340 39.9180 10.00 0.0838
28.0560 40.3650 10.00 0.0838
29.8850 40.2000 10.00 0.0838
29.0740 40.6290 23.00 0.0838
29.6500 40.7250 10.00 0.0838
28.8660 40.2480 10.00 0.0838
29.1050 40.6390 5.60 0.0838
29.1540 40.1910 5.00 0.0838
27.2280 40.1360 5.00 0.0838
28.6780 40.8210 10.00 0.0838
29.2530 40.4100 10.00 0.0838
29.1290 40.6350 10.00 0.0838
29.3060 40.0660 10.00 0.0838
30.1740 40.7230 9.10 0.0838
27.9100 40.3970 5.00 0.0838
28.0570 40.3490 10.00 0.0838
29.9130 40.7250 5.00 0.0838
27.9580 40.4320 10.00 0.0838
28.6620 40.7560 10.00 0.0838
29.1630 40.6810 7.00 0.0838
29.1370 40.6210 5.50 0.0838
28.0520 40.1240 10.00 0.0838
28.9070 40.4450 10.00 0.0838
28.7400 40.1720 10.00 0.0838
28.4790 41.1590 10.00 0.0838
29.1710 40.1460 5.00 0.0838
29.3650 40.4320 10.00 0.0838
29.1600 40.4030 9.50 0.0838
27.4980 40.5340 10.00 0.0838
28.9800 40.4680 10.00 0.0838
28.8730 41.1200 10.00 0.0838
28.9630 40.5790 5.10 0.0838
29.4130 39.8550 10.00 0.0838
29.1060 40.7850 10.00 0.0838
28.9270 39.9510 10.00 0.0838
29.2940 40.3940 10.00 0.0838
29.2260 39.9780 10.00 0.0838
29.8630 40.7000 10.00 0.0838
28.4010 41.2330 10.00 0.0838
30.0200 40.3730 10.00 0.0838
29.2690 40.7530 10.00 0.0838
29.1630 40.6420 5.00 0.0838
30.1560 40.6580 10.00 0.0838
28.7720 40.5960 10.00 0.0838
29.3880 39.8170 10.00 0.0838
28.7340 41.0940 10.00 0.0838
29.3060 40.1220 10.00 0.0838
29.9990 41.0070 10.00 0.0838
30.4600 40.6410 5.00 0.0838
28.8090 40.1240 10.00 0.0838
27.4380 40.5550 10.00 0.0838
28.2750 40.4900 10.00 0.0838
28.8050 41.0830 10.00 0.0838
27.6490 40.7510 10.00 0.0838
28.6860 41.1270 10.00 0.0838
27.9120 40.3270 10.00 0.0838
28.4620 41.1070 10.00 0.0838
29.2720 40.7850 10.00 0.0838
29.0120 40.4780 8.10 0.0838
28.0230 40.3060 10.00 0.0838
29.1100 40.7870 10.00 0.0838
29.8900 40.6770 5.00 0.0838
27.9300 40.4880 10.00 0.0838
28.4500 40.4250 10.00 0.0838
28.4890 41.1320 10.00 0.0838
28.0030 40.6140 10.00 0.0838
29.1440 40.6680 10.00 0.0838
27.8130 40.8310 10.00 0.0838
28.6730 41.1020 10.00 0.0838
28.9560 40.4090 10.00 0.0838
28.9620 40.0220 10.00 0.0838
27.4980 40.7760 5.00 0.0838
28.6940 40.8510 5.40 0.0838
27.0380 40.1190 10.00 0.0838
29.2270 40.1990 10.00 0.0838
28.9370 41.0270 10.00 0.0838
27.6370 40.8140 10.00 0.0838
25.9490 40.3680 8.00 0.0838
27.2590 40.1850 10.00 0.0838
28.2460 40.1480 10.00 0.0838
30.2430 40.7720 10.00 0.0838
29.1790 40.6880 5.00 0.0838
28.7720 40.1500 10.00 0.0838
29.3930 40.3320 10.00 0.0838
26.9650 40.2140 5.00 0.0838
28.4650 41.1590 10.00 0.0838
29.0460 41.1570 10.00 0.0838
29.9370 40.5420 5.00 0.0838
29.5350 40.2290 10.00 0.0838
29.3100 40.2640 10.00 0.0838
29.1630 40.6890 5.60 0.0838
30.3420 40.8270 10.00 0.0838
29.1990 40.7790 21.00 0.0838
29.9990 40.6170 10.00 0.0838
29.5170 40.1330 10.00 0.0838
30.0930 40.6010 10.00 0.0838
26.9770 40.0850 5.00 0.0838
29.2250 39.8850 9.00 0.0838
26.2260 40.3760 10.00 0.0838
28.7840 40.2000 10.00 0.0838
28.4860 40.8570 5.00 0.0838
28.5750 41.1500 5.00 0.0838
29.1460 40.6370 5.00 0.0838
29.3380 40.1740 10.00 0.0838
28.4960 41.1650 10.00 0.0838
28.7520 41.1120 10.00 0.0838
29.9270 40.1730 10.00 0.0838
28.6860 41.0800 10.00 0.0838
28.6250 40.3780 10.00 0.0838
27.9850 40.7480 10.00 0.0838
27.3230 40.2090 10.00 0.0838
29.6670 40.1740 10.00 0.0838
30.3190 40.6540 10.00 0.0838
30.4130 40.9040 10.00 0.0838
29.1460 40.6400 5.00 0.0838
28.8540 40.0200 10.00 0.0838
30.3470 40.7080 14.00 0.0838
28.7520 40.8510 7.00 0.0838
29.5660 40.8060 10.00 0.0838
27.0050 40.1100 7.00 0.0838
29.3000 40.8830 12.00 0.0838
29.2010 40.4090 10.00 0.0838
28.6750 41.1090 10.00 0.0838
29.4380 40.4730 10.00 0.0838
27.8570 40.8000 10.00 0.0838
29.3000 41.2420 10.00 0.0838
27.1630 39.9960 10.00 0.0838
27.2580 40.1180 5.00 0.0838
28.9940 40.5770 10.00 0.0838
29.1740 40.6660 10.00 0.0838
30.0810 40.7300 10.00 0.0838
29.4770 40.0270 10.00 0.0838
28.0820 39.8110 10.00 0.0838
28.4680 41.1120 10.00 0.0838
29.3700 39.9230 10.00 0.0838
28.4980 41.1350 10.00 0.0838
28.5000 41.1090 10.00 0.0838
28.4760 41.1250 10.00 0.0838
27.8010 40.4030 10.00 0.0838
28.4600 41.1160 10.00 0.0838
27.7720 40.9080 5.00 0.0838
28.0820 40.7120 10.00 0.0838
29.3050 39.9030 10.00 0.0838
28.8540 41.1570 10.00 0.0838
27.4940 40.7880 5.00 0.0838
30.3950 39.9490 10.00 0.0838
29.2620 40.4410 10.00 0.0838
29.8360 40.6850 10.00 0.0838
27.9410 40.8340 10.00 0.0838
28.1280 40.8350 10.00 0.0838
29.4000 40.0640 10.00 0.0838
29.0070 40.2840 10.00 0.0838
29.2590 40.5740 10.00 0.0838
28.2470 40.8430 13.00 0.0838
27.7670 40.8140 5.00 0.0838
28.9780 40.6030 12.00 0.0838
28.8340 40.1620 10.00 0.0838
29.1380 40.6470 7.00 0.0838
29.0890 40.7480 5.00 0.0838
28.0410 39.8150 10.00 0.0838
29.6160 40.0710 10.00 0.0838
27.5630 40.7750 5.80 0.0838
29.1570 40.3990 10.00 0.0838
29.7280 40.6940 10.00 0.0838
27.6750 40.1060 10.00 0.0838
28.5780 40.9930 10.00 0.0838
27.2600 41.0000 10.00 0.0838
27.2750 40.3140 5.00 0.0838
28.3490 40.5540 5.00 0.0838
28.0460 40.8400 5.00 0.0838
30.0310 40.1510 5.00 0.0838
27.8250 40.4760 10.00 0.0838
28.1010 40.3040 10.00 0.0838
29.4780 40.2230 10.00 0.0838
29.8080 40.6530 10.00 0.0838
29.2030 40.5710 10.00 0.0838
29.0960 40.7760 5.00 0.0838
29.1460 40.3050 10.00 0.0838
28.8330 41.1750 10.00 0.0838
28.7460 40.2550 10.00 0.0838
27.5310 40.2590 10.00 0.0838
29.6690 40.1630 5.00 0.0838
29.0240 40.5790 10.00 0.0838
29.2700 40.7430 10.00 0.0838
28.8020 41.1250 10.00 0.0838
28.7910 40.1620 1.00 0.0838
28.4900 41.1480 10.00 0.0838
29.2200 40.4720 10.00 0.0838
29.0950 40.6580 22.70 0.0838
27.3610 40.3500 5.00 0.0838
27.8450 40.8070 10.00 0.0838
29.4570 40.3030 10.00 0.0838
28.8760 40.2550 10.00 0.0838
29.2160 40.7520 10.00 0.0838
27.5990 40.7390 5.00 0.0838
29.9360 40.7420 10.00 0.0838
27.4040 40.5980 10.00 0.0838
27.7730 40.8300 10.00 0.0838
27.3460 40.7080 10.00 0.0838
29.2520 40.5890 10.00 0.0838
28.5170 40.9020 10.00 0.0838
28.1090 40.7010 10.00 0.0838
27.9790 40.7840 8.00 0.0838
29.3060 40.2240 10.00 0.0838
28.4890 41.1590 5.00 0.0838
28.0030 40.2070 10.00 0.0838
29.3120 40.2500 10.00 0.0838
27.4680 40.7600 10.00 0.0838
25.9630 40.3700 14.00 0.0838
30.2140 40.7360 10.00 0.0795
27.8430 40.4410 10.00 0.0795
28.7210 41.1170 10.00 0.0795
29.3560 40.2100 10.00 0.0795
29.3160 40.1940 24.00 0.0795
28.8840 40.0450 10.00 0.0795
28.8720 41.1700 11.00 0.0795
28.1290 40.4650 10.00 0.0795
28.7050 39.9510 10.00 0.0795
25.9680 40.3760 9.00 0.0795
29.2940 40.5660 10.00 0.0795
28.8920 40.3850 5.00 0.0795
29.8880 40.6960 5.00 0.0795
29.9800 40.6330 10.00 0.0795
28.8450 40.3710 28.40 0.0795
29.9040 40.7540 10.00 0.0795
29.1040 40.7990 10.00 0.0795
29.6380 40.8160 10.00 0.0795
29.0540 40.6460 10.00 0.0795
28.3200 40.8490 10.00 0.0795
28.4850 41.1130 10.00 0.0795
29.8080 40.7870 12.60 0.0795
28.8020 40.4380 17.00 0.0795
27.4840 40.7680 13.40 0.0795
29.1110 40.1490 1.20 0.0795
28.9030 40.0070 10.00 0.0795
28.9560 39.8820 8.00 0.0795
29.2970 40.1980 10.00 0.0795
28.9640 40.6750 8.00 0.0795
28.1820 40.4600 10.00 0.0795
28.6350 40.7070 10.00 0.0795
28.1220 40.2900 5.00 0.0795
27.9820 40.4370 10.00 0.0795
27.7040 40.8830 10.00 0.0795
27.5470 40.7820 6.00 0.0795
29.5020 39.7990 10.00 0.0795
29.8940 40.7040 5.00 0.0795
28.9140 39.9680 10.00 0.0795
28.3670 40.8710 10.00 0.0795
28.8640 40.4550 5.00 0.0795
28.5180 41.1070 10.00 0.0795
27.7280 40.1680 7.00 0.0795
27.4570 40.4940 10.00 0.0795
29.2300 40.2640 10.00 0.0795
29.3740 40.2670 10.00 0.0795
28.6230 40.7440 10.00 0.0795
29.3650 39.8340 10.00 0.0795
29.0390 40.6480 12.00 0.0795
29.7800 40.6720 10.00 0.0795
29.0720 40.7730 5.00 0.0795
27.6260 40.1380 10.00 0.0795
28.7640 40.1690 10.00 0.0795
30.6400 40.9170 10.00 0.0795
29.0520 40.6360 6.00 0.0795
28.1280 40.8390 0.00 0.0795
29.9820 40.6930 10.00 0.0795
29.2530 40.3350 10.00 0.0795
29.0890 39.9310 10.00 0.0795
27.8010 40.0960 10.00 0.0795
29.4670 39.9970 10.00 0.0795
29.4080 39.9340 10.00 0.0795
28.9130 39.9800 10.00 0.0795
29.2240 40.1670 5.00 0.0795
29.0450 40.5590 10.00 0.0795
28.9990 40.7300 5.00 0.0795
27.8430 40.5040 14.00 0.0795
28.7890 41.0830 10.00 0.0795
29.1670 40.4890 5.00 0.0795
29.3210 40.1900 10.00 0.0795
27.8180 40.5890 5.00 0.0795
27.4020 40.7510 5.00 0.0795
27.9810 40.7970 5.00 0.0795
29.9230 40.7190 10.00 0.0795
28.7280 39.7920 7.00 0.0795
28.7010 40.8910 7.00 0.0795
29.3090 40.2810 5.00 0.0795
29.1300 40.6400 10.00 0.0795
29.0390 39.9790 10.00 0.0795
28.8250 41.1060 10.00 0.0795
29.4910 40.3230 10.00 0.0795
27.7810 40.7910 10.00 0.0795
28.6100 39.8060 10.00 0.0795
30.0750 39.8460 6.00 0.0795
29.4000 40.2250 10.00 0.0795
29.0720 40.7520 5.00 0.0795
28.8550 40.7300 10.00 0.0795
29.5120 40.8910 10.00 0.0795
29.3480 40.4930 10.00 0.0795
28.9370 40.3930 10.00 0.0795
28.7800 40.2420 3.00 0.0795
28.6270 40.7220 10.00 0.0795
26.6510 40.0470 9.00 0.0795
29.0100 40.6050 10.00 0.0795
28.8130 40.0170 10.00 0.0795
27.6780 40.8400 10.00 0.0795
29.9560 40.7500 9.00 0.0795
28.7640 40.3820 10.00 0.0795
29.6190 40.7850 10.00 0.0795
29.2520 40.2080 10.00 0.0795
28.9310 40.3650 10.00 0.0795
27.3580 39.8010 7.30 0.0795
29.2810 39.8390 10.00 0.0795
29.2960 39.8140 10.00 0.0795
29.4300 39.9460 10.00 0.0795
28.8610 40.4330 8.00 0.0795
29.2620 40.2220 10.00 0.0795
28.4770 41.1390 10.00 0.0795
28.9090 40.5900 10.00 0.0795
28.7560 41.1180 10.00 0.0795
28.0420 40.0400 10.00 0.0795
27.4680 40.6160 10.00 0.0795
28.4620 40.8440 5.00 0.0795
28.8460 39.9330 10.00 0.0795
30.0240 40.6970 5.00 0.0795
27.5130 40.7060 10.00 0.0795
28.9380 40.6700 10.00 0.0795
28.9100 40.6080 10.00 0.0795
28.8200 39.9260 10.00 0.0795
30.1240 40.5460 5.00 0.0795
27.1120 40.3420 10.00 0.0795
29.9960 40.6470 10.00 0.0795
29.1680 40.4950 5.00 0.0795
28.5670 39.7920 10.00 0.0795
30.3960 40.6940 10.00 0.0795
29.2740 39.8240 10.00 0.0795
29.7950 40.7360 12.00 0.0795
28.8670 40.3490 10.00 0.0795
28.2240 40.0700 10.00 0.0795
29.4140 40.3020 33.00 0.0795
30.1210 40.6650 10.00 0.0795
28.1120 40.0180 11.00 0.0795
28.8280 41.2740 5.00 0.0795
29.1080 40.6260 10.00 0.0795
29.0840 40.7960 10.00 0.0795
28.8350 40.3940 10.00 0.0795
27.4290 40.7100 15.00 0.0795
29.2730 40.4930 10.00 0.0795
28.9220 40.1120 5.00 0.0795
29.2290 40.4680 5.00 0.0795
29.8430 40.6600 5.00 0.0795
28.7800 41.1460 10.00 0.0795
28.7250 40.6100 5.00 0.0795
29.3750 40.8170 10.00 0.0795
28.9750 40.2540 14.00 0.0795
29.4230 39.8410 5.00 0.0795
29.9010 40.6920 10.00 0.0795
29.3210 40.2740 5.00 0.0795
28.7870 40.1960 10.00 0.0795
28.7580 40.2560 10.00 0.0795
29.7180 40.6790 10.00 0.0795
29.0790 40.7610 5.00 0.0795
27.4790 40.4010 10.00 0.0795
29.1090 40.1850 5.00 0.0795
27.6520 40.7960 28.00 0.0795
28.8230 41.2570 5.00 0.0795
28.0520 40.3210 4.00 0.0795
29.1290 40.1470 10.00 0.0795
29.4670 39.8690 10.00 0.0795
28.7710 41.1830 10.00 0.0795
28.7130 40.6980 10.00 0.0795
28.4680 41.1360 10.00 0.0795
27.5340 40.6870 10.00 0.0795
29.0820 40.6120 20.00 0.0795
29.0080 40.4820 10.00 0.0795
29.4850 40.1740 10.00 0.0795
29.6520 40.8230 10.00 0.0795
30.0140 40.7200 10.00 0.0795
29.9010 40.7240 5.00 0.0795
29.4170 39.7870 10.00 0.0795
28.7740 40.1830 10.00 0.0795
28.9540 39.8410 10.00 0.0795
28.8490 40.3870 10.00 0.0795
29.3350 41.1020 11.00 0.0795
29.2360 40.8000 10.00 0.0795
29.2270 40.2230 10.00 0.0795
29.9760 40.7700 10.00 0.0795
29.1970 40.5480 10.00 0.0795
29.1150 40.4680 10.00 0.0795
29.0050 40.6420 10.00 0.0795
28.6390 41.0320 5.00 0.0795
28.4720 41.1290 10.00 0.0795
29.3330 41.0780 10.00 0.0795
28.7690 40.1360 10.00 0.0795
29.1010 40.6450 10.00 0.0795
26.2700 40.4800 20.00 0.0795
29.3230 39.9190 10.00 0.0795
28.5400 41.2050 10.00 0.0795
28.7230 40.1510 10.00 0.0795
29.2250 40.4780 6.00 0.0795
28.7780 40.2950 10.00 0.0795
28.5430 41.1480 10.00 0.0795
29.3720 40.1240 10.00 0.0795
28.8690 40.4520 10.00 0.0795
29.4650 40.8100 8.00 0.0795
27.5040 40.7810 10.00 0.0795
28.8460 40.4730 10.00 0.0795
29.1940 40.7270 5.60 0.0795
29.7700 40.7210 10.00 0.0795
30.4050 40.8880 10.00 0.0795
28.3030 40.3250 10.00 0.0795
29.1460 40.6390 22.00 0.0795
28.7790 40.2670 10.00 0.0795
29.2770 40.3270 10.00 0.0795
28.7420 40.3950 10.00 0.0795
29.4530 40.2890 10.00 0.0795
27.8070 40.8360 10.00 0.0795
28.6020 40.1680 10.00 0.0795
28.6100 40.6800 10.00 0.0795
29.4700 40.7910 10.00 0.0795
28.0550 40.4680 5.00 0.0795
28.6040 40.8230 10.00 0.0795
30.2370 40.5940 10.00 0.0795
28.3610 40.8130 10.00 0.0795
27.0670 40.6960 10.00 0.0795
29.3590 40.3170 10.00 0.0795
29.2110 40.7710 5.00 0.0795
27.9400 40.8110 10.00 0.0795
29.7600 40.6690 10.00 0.0795
29.2450 40.2380 10.00 0.0795
29.8950 40.7240 10.00 0.0795
29.8870 40.5040 10.00 0.0795
29.2840 40.3000 10.00 0.0795
27.9760 40.8170 5.00 0.0795
28.6120 40.7160 10.00 0.0795
28.7970 40.4650 5.00 0.0795
27.6160 40.6520 10.00 0.0795
28.7200 40.8340 10.00 0.0795
29.4300 40.0160 10.00 0.0795
29.4690 40.3170 10.00 0.0795
29.2680 39.9100 10.00 0.0795
30.1710 40.5420 10.00 0.0795
29.1220 40.0320 10.00 0.0795
28.4390 40.9760 10.00 0.0795
27.9750 40.7620 10.00 0.0795
28.9620 41.2450 10.00 0.0795
29.4600 40.8160 11.00 0.0795
29.0770 40.1960 10.00 0.0795
28.3570 40.8310 5.00 0.0795
29.8260 40.7350 10.00 0.0795
30.2930 40.7010 10.00 0.0795
29.0670 40.6300 5.00 0.0795
28.7530 41.0830 5.00 0.0795
29.1250 40.4840 10.00 0.0795
29.2700 40.9100 5.00 0.0795
29.2530 40.5150 7.00 0.0795
28.9040 40.2330 5.00 0.0795
29.6250 40.8430 10.00 0.0795
29.2430 40.2060 10.00 0.0795
27.9660 40.4400 10.00 0.0795
29.3450 41.0200 10.00 0.0795
29.2620 40.1320 10.00 0.0795
29.4900 40.6900 10.00 0.0795
28.9860 40.5930 5.00 0.0795
28.8630 40.0070 10.00 0.0795
27.9570 40.8310 10.00 0.0795
29.1010 40.7820 5.00 0.0795
28.2300 40.5470 11.00 0.0795
29.0340 40.7320 10.00 0.0795
29.3820 39.7960 10.00 0.0795
29.3740 39.9120 5.00 0.0795
29.1780 39.9860 10.00 0.0795
29.2150 40.1940 10.00 0.0795
28.7980 40.9930 10.00 0.0795
29.8350 40.1210 10.00 0.0795
29.2000 40.6590 12.00 0.0795
28.4770 41.1490 10.00 0.0795
29.2620 40.4810 10.00 0.0795
27.2690 40.6720 10.00 0.0795
29.0910 40.6320 5.00 0.0795
29.9240 40.6810 5.00 0.0795
28.7770 40.2200 10.00 0.0795
28.7900 40.2740 10.00 0.0795
27.7780 40.7940 10.00 0.0795
28.8560 40.2360 6.00 0.0795
29.1960 40.6680 10.00 0.0795
29.8370 40.7090 10.00 0.0795
27.5030 40.6500 15.00 0.0795
27.8730 40.7890 6.00 0.0795
27.3000 40.4600 5.00 0.0795
29.0690 40.7740 5.00 0.0795
29.6790 40.2740 7.00 0.0795
29.2270 40.8090 13.00 0.0795
29.3060 39.8290 10.00 0.0795
28.5820 39.7890 10.00 0.0795
29.2990 40.5560 10.00 0.0795
29.0600 40.7270 5.00 0.0795
28.9520 41.0910 10.00 0.0795
28.8930 40.4500 10.00 0.0795
29.1560 40.3540 10.00 0.0795
29.1350 40.6090 5.00 0.0795
29.0520 40.6940 9.00 0.0795
27.9220 40.9600 5.00 0.0795
29.7290 40.6880 13.00 0.0795
29.2550 40.7120 12.00 0.0795
27.6920 40.6170 10.00 0.0795
28.6470 40.3860 10.00 0.0795
28.8680 40.1470 10.00 0.0795
29.1910 40.7420 5.00 0.0795
28.6370 40.8290 10.00 0.0795
28.0790 40.5240 10.00 0.0795
28.7680 39.8260 10.00 0.0795
29.3670 41.1470 7.00 0.0795
30.0090 40.6690 10.00 0.0795
29.9950 40.6800 10.00 0.0795
29.6110 40.2250 10.00 0.0795
29.3020 39.8560 10.00 0.0795
28.0530 40.4340 10.00 0.0795
27.9250 40.2840 10.00 0.0795
28.0390 39.8550 10.00 0.0795
27.8910 40.7540 10.00 0.0795
30.3480 40.7610 10.00 0.0795
29.2320 40.7410 10.00 0.0795
29.3000 40.4220 10.00 0.0795
27.7780 40.0740 10.00 0.0795
29.2090 40.2000 10.00 0.0795
30.0180 40.6720 5.00 0.0795
27.6910 40.8140 8.00 0.0795
28.9850 40.4510 7.00 0.0795
29.9040 40.7240 5.00 0.0795
28.7310 40.2530 10.00 0.0795
28.7700 39.9220 5.00 0.0795
29.3240 40.2160 10.00 0.0795
28.7270 40.8610 5.00 0.0795
29.3130 40.9120 8.00 0.0795
29.2770 40.4390 10.00 0.0795
30.0010 40.7580 10.00 0.0795
30.1010 40.4320 10.00 0.0795
29.5050 40.2770 10.00 0.0795
29.4720 39.8270 10.00 0.0795
29.2140 40.6920 5.00 0.0795
28.4890 41.1500 10.00 0.0795
27.0350 40.1090 5.00 0.0795
29.9370 40.5540 5.00 0.0795
29.5020 40.8380 10.00 0.0795
28.4850 41.1450 10.00 0.0795
27.7670 40.6290 5.00 0.0795
29.3390 40.3320 10.00 0.0795
29.3050 39.8480 10.00 0.0795
29.2110 40.7900 13.00 0.0795
29.3060 39.8280 10.00 0.0795
29.3240 41.0660 12.00 0.0795
28.7370 40.8840 5.00 0.0795
28.5940 40.4420 10.00 0.0795
30.0530 40.8440 10.00 0.0795
29.4580 40.8230 8.00 0.0795
29.8840 40.6410 10.00 0.0795
27.9510 40.2510 10.00 0.0795
28.8450 41.1060 10.00 0.0795
28.8430 39.9620 5.00 0.0795
28.7660 40.3080 6.00 0.0795
27.6120 40.1840 10.00 0.0795
27.1620 40.5470 13.00 0.0795
29.2040 40.2420 10.00 0.0795
27.3080 40.9620 10.00 0.0795
26.7920 40.4810 10.00 0.0795
29.2690 40.7610 7.00 0.0795
29.2150 40.4700 10.00 0.0795
29.1950 40.3080 11.00 0.0795
29.1400 40.6600 5.00 0.0795
29.0300 40.6160 10.00 0.0795
30.0060 40.7250 10.00 0.0795
29.0900 40.7820 10.00 0.0795
28.6390 40.3500 15.00 0.0795
29.7050 40.0160 15.00 0.0795
28.0720 40.7980 5.00 0.0795
27.7800 40.3960 10.00 0.0795
27.5290 40.3770 10.00 0.0795
29.2920 40.2800 5.00 0.0795
29.5790 40.6490 10.00 0.0795
28.0100 39.9160 10.00 0.0795
29.1420 40.2550 10.00 0.0795
29.3200 39.8340 10.00 0.0795
29.2880 40.9140 10.00 0.0795
29.8670 40.7350 5.00 0.0795
27.4930 40.6600 8.00 0.0795
28.8720 40.3900 10.00 0.0795
29.2860 40.7540 10.00 0.0795
28.6910 41.2520 10.00 0.0795
28.4730 40.4250 10.00 0.0795
29.8620 40.6510 5.00 0.0795
27.3630 40.5920 10.00 0.0795
29.3250 40.0390 10.00 0.0795
30.0100 40.4240 10.00 0.0795
29.2250 40.0890 5.00 0.0795
29.2400 40.2240 10.00 0.0795
28.6900 40.8020 10.00 0.0795
30.4680 39.7990 10.00 0.0795
29.0590 40.4260 5.00 0.0795
28.9440 40.5220 10.00 0.0795
30.3740 40.7990 10.00 0.0795
28.9280 40.6080 10.00 0.0795
28.8760 40.3790 10.00 0.0795
27.1220 40.3650 10.00 0.0795
29.2590 40.1160 10.00 0.0795
28.0520 40.0770 5.00 0.0795
28.7660 40.8260 14.00 0.0795
29.2360 40.7230 10.00 0.0795
28.8240 40.4170 10.00 0.0795
28.7260 40.8620 6.00 0.0795
30.1810 40.6870 5.00 0.0795
27.8330 40.6260 10.00 0.0795
29.1620 40.2950 10.00 0.0795
27.9680 40.8120 10.00 0.0795
29.1980 40.2940 10.00 0.0795
29.3300 40.3310 7.00 0.0795
30.5710 40.7910 10.00 0.0795
28.7290 40.3290 10.00 0.0795
27.9500 40.2770 10.00 0.0795
29.5270 39.8010 10.00 0.0795
28.2210 40.5320 9.00 0.0795
28.8020 40.4210 10.00 0.0795
29.4130 39.8820 10.00 0.0795
29.0980 40.7760 5.00 0.0795
29.8410 40.6640 10.00 0.0795
28.8010 40.2210 7.90 0.0795
27.3470 39.8300 5.00 0.0795
29.9890 40.4180 10.00 0.0795
27.8530 40.8220 5.00 0.0795
29.1400 40.6590 12.00 0.0795
29.4690 40.1670 10.00 0.0795
28.6660 40.7080 10.00 0.0795
28.0050 40.3810 5.00 0.0795
28.2940 40.4970 10.00 0.0795
29.8940 40.6570 10.00 0.0795
29.1290 40.6400 8.00 0.0795
27.8190 40.7980 10.00 0.0795
27.7760 41.0540 8.00 0.0795
28.7930 40.2000 19.00 0.0795
27.9360 40.4470 10.00 0.0795
29.1870 40.2690 10.00 0.0795
29.9510 40.6780 10.00 0.0795
29.3020 40.5960 10.00 0.0795
29.3480 40.1810 23.40 0.0795
27.7290 40.8120 10.00 0.0795
28.6150 40.7420 14.50 0.0795
28.4890 41.1730 10.00 0.0795
28.2200 40.0850 5.00 0.0795
28.6900 39.9340 31.00 0.0795
27.7290 40.8120 10.00 0.0795
28.4740 41.2910 10.00 0.0795
28.8690 40.6320 10.00 0.0795
28.4470 41.1800 10.00 0.0795
29.2440 40.5900 10.00 0.0795
29.1270 40.6590 5.00 0.0795
28.9020 41.1150 10.00 0.0795
28.6140 40.8480 5.00 0.0795
29.4030 40.6450 10.00 0.0795
29.3140 40.1500 10.00 0.0795
27.8150 40.8340 10.00 0.0795
29.1350 40.7430 10.00 0.0795
29.1570 40.1820 10.00 0.0795
29.3680 40.1390 10.00 0.0795
28.7520 40.0930 10.00 0.0795
28.5670 41.2010 10.00 0.0795
29.8550 40.6560 5.00 0.0795
28.0550 40.4950 5.00 0.0795
28.6810 41.0160 10.00 0.0795
29.2300 40.2320 10.00 0.0795
29.2030 39.8750 10.00 0.0795
29.0210 40.6570 10.00 0.0795
28.7950 40.2280 10.00 0.0795
28.9110 40.5600 5.00 0.0795
27.8130 40.8120 5.00 0.0795
27.3450 39.8480 10.00 0.0795
30.5560 40.4530 5.00 0.0795
30.3000 40.7550 10.00 0.0795
28.0820 40.7290 13.00 0.0795
28.9650 40.1830 10.00 0.0795
27.2560 40.3550 10.00 0.0795
29.8480 40.6680 5.00 0.0795
30.0970 40.8240 10.00 0.0795
28.8410 40.4040 10.00 0.0795
27.8650 40.7620 8.00 0.0795
27.4760 40.2450 10.00 0.0795
28.9590 40.1190 10.00 0.0795
28.7350 40.5450 10.00 0.0795
29.2010 40.2830 8.00 0.0795
29.9770 40.6590 10.00 0.0795
27.7780 40.7440 9.00 0.0795
28.7390 40.8410 10.00 0.0795
28.8790 41.0230 10.00 0.0795
28.0210 40.8060 5.00 0.0795
29.0180 41.2020 5.00 0.0795
27.9860 40.7940 10.00 0.0795
27.8850 40.8130 10.00 0.0795
29.1730 40.8230 10.00 0.0795
29.1290 40.0100 10.00 0.0795
28.0210 40.2950 10.00 0.0795
28.9420 39.8060 10.00 0.0795
29.3490 40.0930 10.00 0.0795
28.4620 41.2050 9.00 0.0795
30.5380 40.7660 10.00 0.0795
29.8960 40.6980 10.00 0.0795
29.4000 41.0290 10.00 0.0795
29.7030 40.7140 10.00 0.0795
29.5660 40.7510 10.00 0.0795
26.5610 40.1710 10.00 0.0795
27.9110 39.9070 10.00 0.0795
29.0200 40.6990 10.00 0.0795
28.9430 40.4280 10.00 0.0795
29.5390 40.8380 19.00 0.0795
28.9410 39.9620 10.00 0.0795
28.9290 41.2160 5.00 0.0795
28.8660 40.4760 10.00 0.0795
27.7260 40.5660 5.00 0.0795
30.5200 40.5280 10.00 0.0795
29.3380 40.4810 10.00 0.0795
28.8820 41.1010 10.00 0.0795
29.1350 40.4290 14.00 0.0795
27.9720 40.3900 10.00 0.0795
27.9010 39.8130 10.00 0.0795
30.1930 39.9350 10.00 0.0795
28.6210 40.7450 10.00 0.0754
28.8000 40.2200 10.00 0.0754
30.3790 40.7990 5.00 0.0754
29.0540 40.7530 5.00 0.0754
27.7900 40.4450 11.00 0.0754
27.3640 40.7460 10.00 0.0754
29.9280 40.7580 13.60 0.0754
29.9710 40.7640 10.00 0.0754
27.9540 40.8150 10.00 0.0754
28.8780 41.1380 5.00 0.0754
28.1970 40.4670 10.00 0.0754
28.8860 39.8890 10.00 0.0754
28.0020 40.3880 10.00 0.0754
29.3160 40.9860 5.00 0.0754
28.9750 40.3810 5.00 0.0754
30.2420 40.6850 10.00 0.0754
29.2690 40.3520 10.00 0.0754
27.5860 40.4050 5.00 0.0754
29.2050 40.7350 10.00 0.0754
28.9920 40.3570 10.00 0.0754
29.3240 40.6840 10.00 0.0754
30.6270 40.8090 5.00 0.0754
29.2930 40.1250 10.00 0.0754
30.0940 40.7310 10.00 0.0754
28.7180 40.4610 5.00 0.0754
28.5780 39.8080 10.00 0.0754
29.1830 40.4440 10.00 0.0754
28.8790 40.4250 10.00 0.0754
30.0690 39.8360 10.00 0.0754
28.9330 40.5230 10.00 0.0754
29.0960 40.6260 11.00 0.0754
27.5580 40.7640 10.00 0.0754
28.8390 40.2740 10.00 0.0754
29.5910 40.8150 6.90 0.0754
29.1080 40.7760 10.00 0.0754
29.0660 40.7790 10.00 0.0754
29.2030 40.4290 17.70 0.0754
30.3870 40.8900 10.00 0.0754
29.8250 40.6890 10.00 0.0754
29.9070 40.7180 10.00 0.0754
27.4180 40.9320 28.00 0.0754
29.2650 40.7530 5.00 0.0754
29.2810 40.8880 10.00 0.0754
29.8820 40.6620 5.00 0.0754
29.2010 40.2360 8.00 0.0754
29.9380 40.6280 5.00 0.0754
28.0830 40.7710 10.00 0.0754
29.0390 40.6210 10.00 0.0754
29.0930 40.7620 5.00 0.0754
29.1890 40.3130 10.00 0.0754
29.5880 40.9830 10.00 0.0754
29.9000 40.6650 10.00 0.0754
28.9400 40.5570 10.00 0.0754
29.0840 40.7840 5.00 0.0754
29.5760 39.7950 10.00 0.0754
30.1780 40.6720 10.00 0.0754
30.0560 40.6880 10.00 0.0754
29.1130 40.7760 5.00 0.0754
29.4990 40.8640 15.00 0.0754
29.9020 40.7470 5.00 0.0754
27.8600 40.1930 10.00 0.0754
28.7620 40.8260 5.00 0.0754
28.9450 40.5660 9.00 0.0754
30.4820 40.5670 10.00 0.0754
29.3810 40.2670 10.00 0.0754
27.7300 40.8460 10.00 0.0754
30.4090 40.7710 10.00 0.0754
29.4300 40.6210 10.00 0.0754
29.0180 40.6350 10.00 0.0754
27.5150 40.3050 10.00 0.0754
29.1250 40.1720 10.00 0.0754
29.3050 40.2580 10.00 0.0754
29.9840 40.7120 10.00 0.0754
29.1720 40.1740 5.00 0.0754
29.4660 40.8380 10.00 0.0754
28.9690 41.1350 11.10 0.0754
30.6400 40.6900 10.00 0.0754
28.7310 40.3860 10.00 0.0754
29.4690 39.8210 5.00 0.0754
27.7360 40.5070 9.00 0.0754
28.6390 40.7660 10.00 0.0754
28.7410 40.1080 10.00 0.0754
29.0980 40.8330 10.00 0.0754
27.9790 40.4640 10.00 0.0754
29.0690 40.7670 5.00 0.0754
29.3490 40.2250 10.00 0.0754
29.8560 40.7420 10.00 0.0754
29.8960 40.6670 5.00 0.0754
29.4940 40.9820 10.00 0.0754
28.6080 39.9360 14.00 0.0754
29.8820 40.6540 10.00 0.0754
28.9330 40.6250 5.00 0.0754
27.8860 40.1510 10.00 0.0754
29.1010 40.6410 5.60 0.0754
29.1630 40.2780 10.00 0.0754
27.7760 40.4530 10.00 0.0754
29.8720 40.6680 10.00 0.0754
27.5290 40.3700 5.00 0.0754
27.3960 40.1080 10.00 0.0754
29.2130 40.1900 10.00 0.0754
29.1820 40.4380 10.00 0.0754
29.5370 40.8240 10.00 0.0754
29.0100 41.1210 10.00 0.0754
28.8040 40.2100 10.00 0.0754
29.1110 40.7730 5.00 0.0754
28.8930 40.4520 5.00 0.0754
29.1330 39.9540 10.00 0.0754
28.4470 40.1930 13.00 0.0754
28.8950 40.4240 10.00 0.0754
28.8880 40.6010 10.00 0.0754
28.4890 40.3660 10.00 0.0754
30.0580 40.7320 5.00 0.0754
28.9340 41.1750 13.60 0.0754
28.9580 41.2290 10.00 0.0754
29.5030 40.8170 10.00 0.0754
29.0770 40.7990 5.00 0.0754
29.9010 40.7700 10.00 0.0754
29.4880 40.8120 13.00 0.0754
29.0970 39.7890 10.00 0.0754
29.1720 40.2370 10.00 0.0754
29.2660 40.4330 12.00 0.0754
26.2500 40.2910 13.00 0.0754
29.9130 40.6460 10.00 0.0754
29.1300 40.6260 10.00 0.0754
27.6350 40.6100 10.00 0.0754
27.6820 40.5650 10.00 0.0754
29.9140 40.7390 5.00 0.0754
30.0030 40.7750 10.00 0.0754
29.2170 40.2510 6.00 0.0754
30.0150 40.7090 5.00 0.0754
29.0790 40.6520 10.00 0.0754
29.9190 40.7000 10.00 0.0754
29.0740 40.7960 5.00 0.0754
29.8830 40.6410 5.00 0.0754
28.1870 40.1300 10.00 0.0754
28.3260 40.2150 5.00 0.0754
28.5270 40.4340 10.00 0.0754
28.9220 40.4210 10.00 0.0754
29.0930 39.8740 10.00 0.0754
29.1670 40.4660 5.00 0.0754
29.3200 40.5970 10.00 0.0754
29.2180 40.4190 10.00 0.0754
29.1700 40.4350 5.00 0.0754
30.0110 40.7020 9.00 0.0754
28.6690 40.6650 10.00 0.0754
27.6750 40.8520 10.00 0.0754
30.6400 40.7970 5.00 0.0754
28.4960 41.0990 10.00 0.0754
28.4590 41.0870 10.00 0.0754
29.2690 40.2420 10.00 0.0754
29.2970 40.1240 10.00 0.0754
29.9660 40.6680 10.00 0.0754
28.1100 40.0000 10.00 0.0754
27.6770 40.4740 10.00 0.0754
29.1790 40.3030 15.00 0.0754
29.9830 40.6120 10.00 0.0754
27.6350 40.1940 10.00 0.0754
29.4970 40.8120 8.00 0.0754
28.5250 41.1610 10.00 0.0754
28.9830 40.4310 14.00 0.0754
28.4660 41.1910 10.00 0.0754
29.2300 40.5910 6.00 0.0754
29.4580 40.3540 10.00 0.0754
29.8610 40.6120 5.00 0.0754
28.2690 40.7880 10.00 0.0754
28.3580 40.0820 10.00 0.0754
28.6550 40.7220 10.00 0.0754
29.0340 40.0370 5.00 0.0754
28.9680 40.6790 7.00 0.0754
30.0320 40.7300 12.10 0.0754
28.8350 39.9200 10.00 0.0754
28.6120 39.9990 18.00 0.0754
29.3180 40.0970 10.00 0.0754
29.0020 40.1530 10.00 0.0754
29.8830 40.6590 10.00 0.0754
29.1580 40.7040 10.00 0.0754
28.0840 40.5400 10.00 0.0754
28.7580 40.1570 5.00 0.0754
28.4490 41.1450 10.00 0.0754
29.3060 40.5180 10.00 0.0754
30.4290 40.7370 10.00 0.0754
28.0500 40.4100 10.00 0.0754
29.0840 40.7810 5.00 0.0754
29.0840 40.5610 10.00 0.0754
27.8160 40.2450 8.00 0.0754
29.3720 40.0870 10.00 0.0754
28.6500 40.7140 10.00 0.0754
28.9480 40.2620 6.00 0.0754
28.8400 41.0260 10.00 0.0754
30.0530 40.6080 5.00 0.0754
29.1940 40.6490 10.00 0.0754
29.9760 40.6290 10.00 0.0754
29.4020 40.2160 10.00 0.0754
29.3700 41.0860 10.00 0.0754
29.2520 40.5230 5.00 0.0754
28.6450 40.6800 10.00 0.0754
28.6450 40.7360 10.00 0.0754
28.7060 40.5930 5.00 0.0754
28.8160 40.0250 10.00 0.0754
29.1530 40.4960 5.00 0.0754
29.6780 40.7670 10.00 0.0754
29.1580 40.4770 5.00 0.0754
29.1550 40.7610 10.00 0.0754
28.8130 40.4620 10.00 0.0754
28.9690 39.7830 10.00 0.0754
28.9580 40.0900 10.00 0.0754
28.1480 40.3000 14.00 0.0754
28.9260 40.4060 10.00 0.0754
28.8660 40.4430 14.00 0.0754
27.5240 40.4390 5.00 0.0754
28.9330 40.2340 10.00 0.0754
29.4860 40.0400 10.00 0.0754
29.0360 40.8230 10.00 0.0754
28.9380 40.5510 5.00 0.0754
27.6160 40.8510 5.00 0.0754
29.6340 40.8190 10.00 0.0754
29.0220 40.7850 5.00 0.0754
29.3060 40.0970 10.00 0.0754
29.3160 40.2720 5.00 0.0754
28.6810 40.4540 10.00 0.0754
29.4840 39.8280 10.00 0.0754
27.7850 40.6430 10.00 0.0754
29.2240 40.4300 7.00 0.0754
30.4190 40.8820 5.00 0.0754
29.8810 40.6970 10.00 0.0754
29.3560 40.0110 10.00 0.0754
29.5120 40.7950 10.00 0.0754
28.1940 40.4740 10.00 0.0715
29.1310 40.7380 10.00 0.0715
28.9250 40.5480 10.00 0.0715
29.2300 40.2760 10.00 0.0715
29.3970 40.9370 5.00 0.0715
28.8850 41.1240 8.00 0.0715
29.4860 40.8180 10.00 0.0715
28.7950 39.8900 10.00 0.0715
28.4870 41.0820 10.00 0.0715
28.6440 40.7630 10.00 0.0715
29.9940 40.6800 10.00 0.0715
28.9410 39.8770 10.00 0.0715
29.2550 40.0190 10.00 0.0715
28.4890 41.0950 10.00 0.0715
29.1230 40.6740 10.00 0.0715
30.3060 40.7550 10.00 0.0715
29.4590 40.6250 10.00 0.0715
27.8370 40.5520 5.00 0.0715
29.1260 40.8440 10.00 0.0715
28.8240 40.1350 10.00 0.0715
29.1840 40.6600 9.00 0.0715
29.4470 40.8530 14.00 0.0715
29.2440 40.2030 10.00 0.0715
29.3050 40.5350 10.00 0.0715
29.2660 40.6870 6.00 0.0715
28.8870 40.2550 10.00 0.0715
29.5150 40.2170 10.00 0.0715
28.8930 41.1270 3.00 0.0715
27.3750 40.7480 10.00 0.0715
29.8600 40.6380 10.00 0.0715
27.4820 40.0730 10.00 0.0715
29.5520 40.1950 5.00 0.0715
29.3450 40.1240 5.00 0.0715
28.6920 41.1410 10.00 0.0715
29.4180 40.7970 10.00 0.0715
29.9210 40.6730 10.00 0.0715
29.7390 40.6680 10.00 0.0715
27.4380 40.4630 10.00 0.0715
28.7690 40.3210 10.00 0.0715
28.9270 40.5990 10.00 0.0715
28.5540 41.0740 10.00 0.0715
28.5110 40.3390 10.00 0.0715
28.0460 40.4250 10.00 0.0715
29.5350 40.8660 10.00 0.0715
30.1080 40.6800 10.00 0.0715
28.8460 40.5950 5.00 0.0715
27.7700 40.3190 10.00 0.0715
29.9580 40.6880 9.00 0.0715
30.0420 40.7530 10.00 0.0715
29.1810 40.4460 5.00 0.0715
29.6090 41.0180 15.00 0.0715
29.4800 40.8540 12.00 0.0715
29.2300 40.2370 10.00 0.0715
29.2880 40.6110 10.00 0.0715
29.5610 40.2390 10.00 0.0715
29.2220 40.7480 10.00 0.0715
29.9050 40.6460 10.00 0.0715
28.9290 40.3160 10.00 0.0715
29.1020 40.5390 10.00 0.0715
27.5910 40.3240 13.00 0.0715
29.8540 40.6660 10.00 0.0715
28.9410 40.4380 5.00 0.0715
28.0270 40.3580 10.00 0.0715
29.9100 40.6790 10.00 0.0715
29.9480 40.6910 10.00 0.0715
29.9010 40.6990 10.00 0.0715
29.1720 39.9290 10.00 0.0715
29.8750 40.6100 5.00 0.0715
29.8270 40.7160 10.00 0.0715
28.0450 39.9730 10.00 0.0715
28.4310 41.1410 5.00 0.0715
27.9320 40.0880 10.00 0.0715
27.6100 40.6520 2.00 0.0715
27.8870 40.3760 10.00 0.0715
28.4780 41.1380 10.00 0.0715
29.9750 40.6770 10.00 0.0715
30.1850 40.6320 10.00 0.0715
28.6450 40.7380 10.00 0.0715
29.2710 40.1270 10.00 0.0715
29.2550 40.8190 10.00 0.0715
28.7020 40.4770 5.00 0.0715
28.7740 40.0230 10.00 0.0715
29.5380 40.3220 10.00 0.0715
29.5520 40.1160 10.00 0.0715
28.9770 40.6220 10.00 0.0715
26.1280 40.5210 10.00 0.0715
27.3420 40.7050 10.00 0.0715
29.0910 40.7040 10.00 0.0715
29.5630 40.0050 10.00 0.0678
27.2120 40.1170 10.00 0.0678
28.5190 41.1710 10.00 0.0678
28.4710 41.1160 10.00 0.0678
28.8940 41.3110 10.00 0.0678
29.4660 40.0240 10.00 0.0678
28.8020 41.1790 10.00 0.0678
27.3610 40.6020 15.00 0.0678
28.4390 41.1510 5.00 0.0678
27.7310 40.2330 10.00 0.0678
29.4530 40.8040 6.00 0.0678
28.8240 40.4970 10.00 0.0678
27.5610 40.2720 10.00 0.0678
28.1780 40.1660 10.00 0.0678
28.5090 41.1620 10.00 0.0678
29.0360 40.7240 10.00 0.0678
29.4960 40.7950 20.00 0.0678
29.1850 40.7650 6.00 0.0678
29.4150 40.8810 10.00 0.0678
28.7970 39.8600 10.00 0.0678
29.8410 40.6530 5.00 0.0678
27.6560 40.6420 10.00 0.0643
30.0880 40.6100 10.00 0.0643
27.4120 40.3000 10.00 0.0643
28.9680 40.7960 10.00 0.0643
28.8020 41.1870 10.00 0.0643
29.6870 40.7230 10.00 0.0643
29.6590 40.6790 10.00 0.0643
29.8380 40.6740 10.00 0.0643
29.9780 40.6630 10.00 0.0643
29.9280 40.6450 10.00 0.0643
28.9860 41.2680 10.00 0.0643
27.6160 40.7120 10.00 0.0609
29.2280 40.2080 10.00 0.0609
27.8230 40.3840 10.00 0.0609
28.4980 41.1220 10.00 0.0609
29.6220 40.2100 10.00 0.0609
29.5780 40.8020 10.00 0.0609
29.4750 40.3420 10.00 0.0609
26.8130 39.9110 10.00 0.0609
29.1820 40.6530 10.00 0.0609
29.5730 40.8160 10.00 0.0609
28.6360 40.4380 10.00 0.0609
28.1300 40.8360 5.00 0.0609
27.8900 40.4650 10.00 0.0609
29.5600 40.8690 10.00 0.0609
27.5880 40.4130 28.00 0.0609
28.1910 40.7970 10.00 0.0609
27.4470 40.7370 10.00 0.0609
29.4780 40.3270 10.00 0.0609
28.6120 41.0000 10.00 0.0578
27.7480 40.6800 10.00 0.0578
28.8730 39.9950 10.00 0.0578
29.3530 41.0830 10.00 0.0578
27.6030 39.9900 10.00 0.0578
29.2700 40.2750 10.00 0.0578
28.9040 40.2040 10.00 0.0578
29.1200 40.7550 10.00 0.0578
30.0310 40.7340 10.00 0.0578
27.5000 40.7640 10.00 0.0578
29.2020 40.2650 10.00 0.0578
28.0770 40.0360 10.00 0.0578
28.9130 40.4640 10.00 0.0578
27.3540 40.3400 10.00 0.0548
29.5340 40.2640 10.00 0.0548
29.2740 40.2420 10.00 0.0548
28.9970 40.5710 10.00 0.0548
28.6970 41.1090 10.00 0.0520
28.7020 40.8290 10.00 0.0493
29.1840 40.3210 10.00 0.0493
